50
25
m1er0ZgrSr8X5uE8FBaV vkuexSu2tFLZsWjFEH84 dfhItVp7fuQvsZ1AuYVy n8NR9p6V1oKWzfN9ikGl QBMPvac7TOorDgTpZupy hFBVouTMJ2RTblr3j8cV ohz13YK8Zwa9ju4YMvRp opRhuhaVzvfKhxHAcST9 VHsVBN2hMsbbjA1KuMXE GlQfWcuoj2nvnwSsCzIV r2QvDUuNRAfPDVfciMeB gUyuaPJjmpks0stbE65A 6cP0V9WfDGHAwV0jkBlb JNVHVe5npUKGj9ZDZEV3 rkdkD27UudwRrXI10PTA MQIsDJYBwc1wiR1oeUsV lCkSd3iVa0LUWslx4Rsh FIMbC7ipPMVdYS3zSPt9 KcLNsTYABkp6yzp2bhHS a7Z0TJrg2ZQi3bnrvfx7 pD1VQ22T0Q8CofxCa8p4 OGm8OOugXrrKhdFxk9IC gkMDmXSvT8ldbIRxeljU 9PVaCuYSP1OGIzlXKoon 2TR7VFGe5MMrsU1a5NOl ZGU4khggDu9oJuT7JfSu FKOAbd1epuFOk5p6eQz0 M7FwnL2AuIQr4D44Lbg0 XVgLlI5FhVQPfz2Qtrhp F9zjkyYsufOl71DmgHnP 1LsJ5QiAU66hHEnhnuKS QZAtcvOhH2uWxmepXIFX XEiiZ6VSPT85JegOegel rkwrQIjlzLlkSehOppTl 1OEyyzJtHT0h8RiR1OzQ uIF9A43lV9aaQP6n47Sl hKLVfQUanjeBewpuc2ME 4HQ69mYp0dibGUOfMxTR BhNc1wuv2VHa3z3PIrLW IcgG9uYJ4mfNUGnNI5cN XNOCzWYRXjVb7JDMRgzd ZKSTXX6Sy1kSRZCXJvrP QtTRP113gvMCyfSyCUEe hoFGuGarcQv3pIBDkPTP 6BYns3YanQ9sMRcXMTrV UzrrgYKtIlAukzJuLp1h r9utQTUhutcEn7OaYuNx ApeYBHDmlT04CXCQhyfm 6UDQIddsnDfHpSRm285l ReaW5njDt53N2YenQk2G 
QBMPvac7TOorDgTpZupy ZKSTXX6Sy1kSRZCXJvrP m1er0ZgrSr8X5uE8FBaV OGm8OOugXrrKhdFxk9IC rkdkD27UudwRrXI10PTA QZAtcvOhH2uWxmepXIFX gkMDmXSvT8ldbIRxeljU BhNc1wuv2VHa3z3PIrLW lCkSd3iVa0LUWslx4Rsh XEiiZ6VSPT85JegOegel 6UDQIddsnDfHpSRm285l ApeYBHDmlT04CXCQhyfm rkwrQIjlzLlkSehOppTl 6BYns3YanQ9sMRcXMTrV QtTRP113gvMCyfSyCUEe FIMbC7ipPMVdYS3zSPt9 FKOAbd1epuFOk5p6eQz0 XNOCzWYRXjVb7JDMRgzd F9zjkyYsufOl71DmgHnP KcLNsTYABkp6yzp2bhHS opRhuhaVzvfKhxHAcST9 VHsVBN2hMsbbjA1KuMXE 1OEyyzJtHT0h8RiR1OzQ GlQfWcuoj2nvnwSsCzIV ohz13YK8Zwa9ju4YMvRp 
m1er0ZgrSr8X5uE8FBaV
x 300538715.1341 761762770.6334 574081783.4270 671993181.5570 671889061.3972 1241591642.9450 414072179.208 1908206872.7350 1185149776.6093 972137908.8737 772638297.1727 222331810.4006 745002583.1618 1016890355.3098 624242772.2345 1985105764.1671 898469028.1122 1807605205.7076 296020366.6416 867060726.2945 902333581.5987 577106748.3250 245064359.7945 1052786906.4945 1612548829.2839 295418699.6579 424024190.4229 1199490694.1826 759507258.1872 1815864826.9609 853098202.5131 1790445776.8377 278712682.1625 1709682302.2039 1696364541.7732 1295842506.330 1721600941.8480 112416824.6805 1006965524.3041 1191044934.3217 1964573742.8186 1026554345.6339 1782962893.103 776945274.6192 167812091.9796 1677027887.6409 767264207.8302 452970204.8849 1922048785.3968 
300538715.1341 x 1682801893.3396 1932628739.753 1175296952.1352 1297101849.3976 518661973.7138 1112694347.3534 878233145.8348 637286250.9372 723194196.8660 1378055322.330 384559356.9584 1338878154.4385 1396249547.8078 1325498066.5176 1568400162.7457 1293393205.7081 1862656183.3836 514777383.311 851584743.2706 198879223.2585 1727399250.8984 1950562839.5088 1827381491.8077 1176135057.7356 1514125478.4372 285451875.553 1356011652.8048 1921372711.894 1135176292.4747 1291954303.3979 135513554.8388 888962488.2264 299544467.9964 147503427.7957 271504087.8750 134736263.8467 1284050744.2458 412891568.3922 284055054.6402 418936885.7308 558380877.3414 897524223.205 1019149032.7138 1480772248.4476 559351656.8345 1451990028.6946 1061793459.9292 1807694594.415 
761762770.6334 1682801893.3396 x 1495680031.4885 663442220.2299 1989336286.1448 445083683.7138 566472256.4422 1606480845.5244 679558382.9429 1039231464.2375 486546298.1733 1120906062.4896 858571165.5690 309942988.9330 194872898.3717 1751418702.3962 1683759673.1327 766329046.9740 1599121414.3579 1372868878.7851 143509660.5493 430095544.9443 610704323.7238 745213965.2439 600085978.4457 184686392.1712 326233364.7225 327197732.1488 129490369.1744 1799209663.8428 1019654621.7000 871895774.4637 993567931.9151 502924769.3496 651766659.3983 965319176.7775 1891521341.1303 139728943.3334 1687894274.477 297110101.1657 1007018209.1872 1460657260.9568 913432595.8103 1923544875.9706 1203292069.658 1290554088.4906 1710324635.9077 1639055787.7138 690205463.3547 
574081783.4270 1932628739.753 1495680031.4885 x 407291999.7629 107473825.2293 1172534926.4196 248846264.3525 1671497565.498 464572295.6393 929366537.1600 497387403.3194 310741830.5151 309840644.2702 1498765265.1536 1882357427.6194 1136370056.9539 1176835304.4299 260761755.7528 1403184747.3769 389611760.7958 559163613.3272 180665311.6402 1324760309.5403 318640825.114 1996812209.5533 132068513.4852 1250028802.9374 1396177419.3270 207723844.7728 1268023189.4076 1555961644.6447 1179337757.4011 714344530.6867 1780828337.7222 1765285981.9605 1587018255.2585 567784104.317 1025334008.6304 756998566.7969 1511158845.5110 459682575.3170 1469414789.979 895555886.4466 1358496581.9912 1890548126.743 1100660586.2760 1485682577.752 1588073128.820 1849136855.4485 
671993181.5570 1175296952.1352 663442220.2299 407291999.7629 x 1647453212.3132 1908179522.6454 1856705534.8006 1536748919.7154 779991023.1563 1522602460.4148 1390236303.7104 1767304953.3924 681344749.6719 1574610798.5811 1291232677.4798 980506216.6899 393248388.2692 950453875.7601 792353411.3348 607132638.7412 825768232.8419 795652179.8446 1839530147.6764 521967445.2991 1510650117.7590 739938102.4823 1155637619.3286 743124724.3373 1975770899.7970 782304923.9908 1484935349.2550 307730586.672 128690914.5786 1661644498.9932 622373721.5896 1541240816.6002 1412342186.2592 721272789.1675 1284836159.2309 1412503751.503 1303385075.945 1309682857.1559 174454120.3511 716298127.8180 654685861.3949 880675747.9817 1116277636.5904 100948529.9021 1592101754.2399 
671889061.3972 1297101849.3976 1989336286.1448 107473825.2293 1647453212.3132 x 154111279.316 557246377.9075 350695892.2938 1587194093.4526 536957884.8554 607444543.9296 1715327123.2332 482532413.8125 1789050318.1805 968363998.4539 458954461.681 316465415.1776 362953869.3998 469889461.5661 1783158397.3645 970859771.737 1368561374.2328 1467245356.6211 1851049231.1901 720833339.5572 837032511.5567 1702264832.3519 1421837216.4255 1062950047.156 1958578957.7435 489503500.444 1066939100.7944 1119771982.8778 1297108027.405 1026090031.5931 1706552907.3864 111953803.6893 699228890.8222 1681686044.7455 1376350812.1063 406501001.2683 1956474046.1442 541709452.1752 133620396.6756 228512142.5844 1975622245.4447 857414306.8752 1413285416.1899 1891275544.219 
1241591642.9450 518661973.7138 445083683.7138 1172534926.4196 1908179522.6454 154111279.316 x 1595650000.3110 800629807.6899 192918641.9923 1769840763.4548 1927917084.2319 1711064943.9879 1313756860.3756 1314577169.9267 1215457632.3021 1017472310.7266 1304987536.4718 745740523.4811 1459254232.3912 328983580.4247 654771988.8859 1199447571.3125 759705644.5329 301779675.2158 1387993944.9544 152438549.7369 1258900882.2745 914366782.574 1580911618.4541 1534844024.377 770616510.8643 747553414.5877 104738315.1725 491975492.2833 1169180401.3030 1414943540.6985 374928819.8471 1257786011.6143 192592265.3410 489785322.9547 145824480.2403 1723691514.9340 1094635838.4646 1628842798.4508 1381148094.6830 928158165.9257 913102772.644 1806065998.3214 1224477610.2879 
414072179.208 1112694347.3534 566472256.4422 248846264.3525 1856705534.8006 557246377.9075 1595650000.3110 x 1769575857.1819 819044316.6443 1092997309.8985 1100410085.8371 1523662523.3687 706072020.2294 1399544457.7598 238973873.6330 1185739963.3611 349395224.112 173275441.8740 1910923075.7336 1098289403.9916 702103505.1733 1318954338.4550 675204818.1081 1891416980.3013 1802952819.8012 1521862453.9768 160542722.9441 1071909583.3917 1294266072.9428 1010358890.6102 1026349608.4761 202373839.3555 1092450354.8698 1607524024.2144 909000647.1340 567797568.9414 254939194.5251 1365184971.5486 1152751728.2200 1852235675.4142 562629971.1332 386247757.1849 1662161211.4389 1074179728.1347 1013016842.6774 1241758381.5694 1213182524.437 295930835.2187 281503837.6386 
1908206872.7350 878233145.8348 1606480845.5244 1671497565.498 1536748919.7154 350695892.2938 800629807.6899 1769575857.1819 x 837918307.4625 1645591484.5701 1073837200.4362 1266959640.6868 1902849850.2756 1665842831.5747 1843133965.7777 1918452886.4596 969022200.7994 368051162.4328 137405138.1716 373363568.177 1823263831.6392 1877832948.8686 1468968616.3959 521931354.6518 981774430.4282 994470795.9228 1329309461.8576 804273754.7554 167460294.2770 1222371566.3566 648809003.5653 1143850512.4154 816224793.9030 486466265.9241 362769940.8983 1438271019.3422 1130553108.5594 1895338171.3828 1882300752.6531 802131241.523 1805931502.9872 1130712292.8602 573050136.9513 982126423.5483 1751238168.8900 1270378207.6691 1470241835.7530 1060768341.7476 797592113.5680 
1185149776.6093 637286250.9372 679558382.9429 464572295.6393 779991023.1563 1587194093.4526 192918641.9923 819044316.6443 837918307.4625 x 380919518.1139 1599366247.2497 976985615.7607 156455421.4201 798673798.8794 1684850198.2211 1152339026.4962 512025067.1617 146221489.6822 888312204.6715 1492219216.9511 296091932.6058 1614763621.5694 1112749722.9258 611807776.2967 1261454955.3217 275432266.1338 267318783.9486 1931832917.6978 945745288.2737 1357382148.3328 552133991.1038 319322605.6295 489037484.7152 1505205095.3094 1340712467.6453 244244289.6191 1963813570.9709 643075886.993 118150004.1454 374103450.4862 1453508140.5660 1577264151.6040 580835547.8571 1542741185.7417 622618751.5991 662363329.9541 1717223741.8994 1871935623.1396 912158509.3032 
972137908.8737 723194196.8660 1039231464.2375 929366537.1600 1522602460.4148 536957884.8554 1769840763.4548 1092997309.8985 1645591484.5701 380919518.1139 x 836216252.3019 928685699.59 1638705724.1705 520090738.4774 1452745288.2083 506811467.3416 105411935.5995 470852040.4218 1132853981.8145 1315595826.1006 1985651007.657 1747410776.5578 1655103472.1940 1250269069.1278 1354974489.7666 1673492131.1268 1587758135.3152 1472139979.7982 1973426701.688 1723752239.7228 1239342689.6215 1982774525.2048 675570246.5356 199503678.2399 244330877.9032 1468490474.8378 1701633272.39 209032565.7830 1643574277.8393 1760508027.8614 1785891282.8859 996048785.3218 623762466.1662 1934080934.8141 1904788374.4559 364144318.8028 1029080714.5858 1257625674.3501 216801782.8369 
772638297.1727 1378055322.330 486546298.1733 497387403.3194 1390236303.7104 607444543.9296 1927917084.2319 1100410085.8371 1073837200.4362 1599366247.2497 836216252.3019 x 1004536361.4383 138381272.754 917647384.3449 1580564814.8155 1150703128.4810 1158580827.9878 1108203308.1540 1413864560.7186 1886801844.5450 125971629.7276 763106038.7347 1539017505.7570 446503686.4469 1455564824.5135 1101385655.9529 534262319.2587 1030271589.4723 1974413332.9958 1622032689.9174 283031793.6802 1313797209.1335 1278363978.4870 1036112646.2975 597092404.9818 222640819.6236 1063429730.9768 1750904453.931 1951947524.4883 509211368.6290 1909724667.1130 229665387.5582 941907944.5126 455079337.2239 469882018.8187 230390629.1543 1002903544.5554 481769826.6916 816963977.1140 
222331810.4006 384559356.9584 1120906062.4896 310741830.5151 1767304953.3924 1715327123.2332 1711064943.9879 1523662523.3687 1266959640.6868 976985615.7607 928685699.59 1004536361.4383 x 426683897.6841 1986712277.8640 610114967.4721 147775172.1250 1921190307.7824 656825788.8722 312795814.1991 1076361409.246 1688431774.5964 708772875.8690 1606537505.6773 105136657.370 319965532.791 1869734529.4811 821766429.6478 1925056979.6021 1676357438.2066 1269999941.2409 158975335.4702 1060499283.2142 1895181522.8891 1055143152.7677 442342346.6014 691712951.7904 1725812840.8697 1115160716.4322 1135268941.260 236564794.2738 1676394302.5386 1151445499.5457 812892217.1651 1633331286.4837 1816529261.741 1316150562.3264 432288854.4070 515478603.5922 916432177.994 
745002583.1618 1338878154.4385 858571165.5690 309840644.2702 681344749.6719 482532413.8125 1313756860.3756 706072020.2294 1902849850.2756 156455421.4201 1638705724.1705 138381272.754 426683897.6841 x 1665182887.1611 410833090.288 208653120.9486 216692194.3459 1364870777.4142 1465398373.5495 548432606.4117 495884858.7858 658994854.3153 1887398436.856 262344923.8147 1723765221.3625 1971868272.5241 282946441.9582 900270784.7556 140251546.9438 1799168546.9392 361522992.3044 1719988811.4218 950992940.9584 690388842.7010 747820727.2979 216381925.2726 1190298658.4268 118408072.7440 1423418097.840 923881876.1189 1752118139.1464 1431544180.2329 309954557.3832 1209876801.1066 1677426786.855 1472160945.2629 1007968843.4251 1495521431.5044 975980860.8914 
1016890355.3098 1396249547.8078 309942988.9330 1498765265.1536 1574610798.5811 1789050318.1805 1314577169.9267 1399544457.7598 1665842831.5747 798673798.8794 520090738.4774 917647384.3449 1986712277.8640 1665182887.1611 x 1905220684.4898 358300607.2298 718058992.492 1759458303.9620 1170792647.6153 286353081.6844 171831213.5387 1996966828.7257 319963182.7264 1281656905.9190 1291348399.8934 337121100.1 1238744419.746 1596825955.8687 1561750842.3462 1807981906.8255 362526158.4683 169728223.9704 1685785990.3041 611441734.9794 631246141.879 532593138.886 954674319.2499 932103907.2375 1940727389.8302 322692185.6518 128262884.2851 286176020.6846 1718351459.4800 413771729.4337 1509905347.5361 1625663650.564 200972565.8596 1302768471.5354 898588296.6274 
624242772.2345 1325498066.5176 194872898.3717 1882357427.6194 1291232677.4798 968363998.4539 1215457632.3021 238973873.6330 1843133965.7777 1684850198.2211 1452745288.2083 1580564814.8155 610114967.4721 410833090.288 1905220684.4898 x 1707255256.6951 567195004.3044 1209824317.9992 898717816.8181 1206690062.1578 1415263507.6801 1209713968.1618 1506892345.1153 1336526652.2629 898575195.1553 1590224911.6670 183036254.9158 1098348147.7959 392475845.8452 1143472144.7646 864652623.1446 209190651.9847 562077489.1235 1711648575.4496 1832793193.5994 1869472548.1312 1009724232.8549 1358411828.8516 1913872373.8176 1684501329.716 1209163124.5946 504628494.8011 1543842450.9577 1119797654.7274 1744825494.5407 161194941.3416 701113956.2462 190083704.4393 1691961621.6702 
1985105764.1671 1568400162.7457 1751418702.3962 1136370056.9539 980506216.6899 458954461.681 1017472310.7266 1185739963.3611 1918452886.4596 1152339026.4962 506811467.3416 1150703128.4810 147775172.1250 208653120.9486 358300607.2298 1707255256.6951 x 300683106.1032 874043018.5434 1501517685.5433 735874497.2742 1421891681.2196 784394387.3976 640772763.8372 103789880.7266 1085891244.5838 151476107.8130 169006181.4823 149162602.6101 701177099.209 1385975381.2646 1344693605.4486 844859148.6394 1115488976.448 1699084480.3335 492874833.4995 298125332.1172 1093026104.6636 895686521.3952 156858194.2767 1284390149.250 1393613225.8746 1079920212.5559 589050128.3816 1033939682.2270 953758146.6204 1216201093.7948 989529341.7866 747278548.6422 1480244957.8471 
898469028.1122 1293393205.7081 1683759673.1327 1176835304.4299 393248388.2692 316465415.1776 1304987536.4718 349395224.112 969022200.7994 512025067.1617 105411935.5995 1158580827.9878 1921190307.7824 216692194.3459 718058992.492 567195004.3044 300683106.1032 x 1334856760.9318 1281329086.3767 1106957935.3716 457195913.7669 1996584587.8159 101044263.1840 350293130.506 1119946476.718 1474805747.4753 459285026.6737 311473909.2956 961640214.1124 1040207084.8837 1332020085.4672 1760237966.9103 1582046379.6710 501645605.7062 1845433745.7754 1935721742.2940 1177698958.8265 1239406631.9684 216199440.4584 484902062.1793 1567690470.5391 366120363.4991 684228714.623 1473914314.7679 1445133947.3014 1026502300.4922 1551429391.6341 975819451.3042 1835668401.608 
1807605205.7076 1862656183.3836 766329046.9740 260761755.7528 950453875.7601 362953869.3998 745740523.4811 173275441.8740 368051162.4328 146221489.6822 470852040.4218 1108203308.1540 656825788.8722 1364870777.4142 1759458303.9620 1209824317.9992 874043018.5434 1334856760.9318 x 960697000.2900 1990156594.3942 1017405042.9615 1772437604.2814 554330751.9288 1171158610.6953 838273700.7809 1545206641.1548 501159204.5177 599865816.7631 1648047588.7349 1964763709.442 1610443789.8175 298965756.9781 641163147.3026 520528874.2121 1811410828.7354 1810064143.4503 1037431853.2912 1427026754.2300 395736897.9159 630448623.9275 1256520524.6406 185463351.2139 1542090844.719 1751138056.615 643256425.9307 1057188952.257 696582094.6200 1438350863.2755 1682530266.7588 
296020366.6416 514777383.311 1599121414.3579 1403184747.3769 792353411.3348 469889461.5661 1459254232.3912 1910923075.7336 137405138.1716 888312204.6715 1132853981.8145 1413864560.7186 312795814.1991 1465398373.5495 1170792647.6153 898717816.8181 1501517685.5433 1281329086.3767 960697000.2900 x 1944799616.641 1853752502.1694 789868738.8403 1865566884.5263 1328932007.9745 838968066.6193 911984474.2615 1777765578.9385 617189648.2852 351240460.8091 1317143019.8574 1501841074.2594 1113567325.7662 1044749846.2729 369101910.6901 523197312.6890 1278755271.362 1684116999.9646 1237076740.660 848815535.2605 449628312.8364 644282146.4642 178132666.9424 198675189.9644 690702489.7179 1286255189.929 724705133.2411 1139660379.1547 1919488499.4749 1022993118.9177 
867060726.2945 851584743.2706 1372868878.7851 389611760.7958 607132638.7412 1783158397.3645 328983580.4247 1098289403.9916 373363568.177 1492219216.9511 1315595826.1006 1886801844.5450 1076361409.246 548432606.4117 286353081.6844 1206690062.1578 735874497.2742 1106957935.3716 1990156594.3942 1944799616.641 x 1590309851.6389 442274634.5632 393219463.9612 1060209165.5243 713009777.3170 508758484.5922 1909937313.3401 141141180.3 774038640.2348 283880340.5468 870517001.788 1824324151.4346 1640369181.9010 1207424758.6141 1012579865.7740 533950616.2529 1772002614.5468 1594680562.764 1406635689.9697 565300630.8532 218332373.9784 334111315.115 1668193584.1827 535624896.7409 263409820.6224 812721534.6084 761026777.6695 1684311314.5249 420520384.6249 
902333581.5987 198879223.2585 143509660.5493 559163613.3272 825768232.8419 970859771.737 654771988.8859 702103505.1733 1823263831.6392 296091932.6058 1985651007.657 125971629.7276 1688431774.5964 495884858.7858 171831213.5387 1415263507.6801 1421891681.2196 457195913.7669 1017405042.9615 1853752502.1694 1590309851.6389 x 1775523509.5291 455421689.4845 722111649.386 927367401.990 1357302402.2185 1108681749.6327 708352617.6989 565225099.3940 1042813858.1169 715878302.8885 1715490697.7083 1558544633.9108 1872131361.9837 296957837.8848 189433756.6087 1136980305.8690 1519736833.4795 1876940592.2585 1438838148.1364 1272802735.7209 1505206571.6853 386275619.719 381498871.144 1190474640.7588 1389181731.9983 1557183091.5746 629627506.5949 1343318744.6287 
577106748.3250 1727399250.8984 430095544.9443 180665311.6402 795652179.8446 1368561374.2328 1199447571.3125 1318954338.4550 1877832948.8686 1614763621.5694 1747410776.5578 763106038.7347 708772875.8690 658994854.3153 1996966828.7257 1209713968.1618 784394387.3976 1996584587.8159 1772437604.2814 789868738.8403 442274634.5632 1775523509.5291 x 1774834855.7277 1602616478.6379 1506922444.8725 1851800362.4701 329159909.7756 378562222.5197 628094738.2766 836346178.8692 110119770.6339 420328957.2209 1043891570.6738 317766568.9216 1763499664.2951 341334839.5410 216288477.8968 1727663520.6627 1547348089.9315 1605622352.4120 1930259994.5684 500303656.1774 1170906723.6111 952130167.8198 1030840876.7404 1430703253.3259 336909199.792 637770753.9820 1146719523.2492 
245064359.7945 1950562839.5088 610704323.7238 1324760309.5403 1839530147.6764 1467245356.6211 759705644.5329 675204818.1081 1468968616.3959 1112749722.9258 1655103472.1940 1539017505.7570 1606537505.6773 1887398436.856 319963182.7264 1506892345.1153 640772763.8372 101044263.1840 554330751.9288 1865566884.5263 393219463.9612 455421689.4845 1774834855.7277 x 1292733649.8431 474034118.8635 1747090700.3283 1917769362.9859 1070804807.7652 380202426.4044 661351344.1233 926970014.6927 1222103288.5711 644448267.4188 1412797394.2324 880121075.6292 217834835.1970 1957200080.2075 640976578.7566 217716326.1035 1756090651.1241 1266166133.5023 647361348.8261 912051716.8426 346531170.4744 1172575313.2044 1350300949.2280 342629600.3849 189882149.8702 396001049.6074 
1052786906.4945 1827381491.8077 745213965.2439 318640825.114 521967445.2991 1851049231.1901 301779675.2158 1891416980.3013 521931354.6518 611807776.2967 1250269069.1278 446503686.4469 105136657.370 262344923.8147 1281656905.9190 1336526652.2629 103789880.7266 350293130.506 1171158610.6953 1328932007.9745 1060209165.5243 722111649.386 1602616478.6379 1292733649.8431 x 420151311.7227 989042848.8711 1371340001.6572 609023592.4120 557431870.590 1331407836.8895 1629458227.5263 1015988269.1707 1992428760.5613 1244827239.2733 1986739848.7357 1005782386.7649 895111435.6043 316812858.5710 687327838.4899 770091443.4114 570327855.1339 1540916684.8678 819825376.4900 1399634036.1819 1349803576.9496 1647483148.5966 312219253.8959 297482849.7350 822615675.755 
1612548829.2839 1176135057.7356 600085978.4457 1996812209.5533 1510650117.7590 720833339.5572 1387993944.9544 1802952819.8012 981774430.4282 1261454955.3217 1354974489.7666 1455564824.5135 319965532.791 1723765221.3625 1291348399.8934 898575195.1553 1085891244.5838 1119946476.718 838273700.7809 838968066.6193 713009777.3170 927367401.990 1506922444.8725 474034118.8635 420151311.7227 x 1600772632.1609 639768290.4438 734796569.2000 695134586.5272 1977943022.8739 424072798.1105 1193319017.6731 224808425.1358 534599535.4209 1624836386.6793 755914553.1957 747857967.7206 1069505460.8526 405595556.5221 1604144676.1686 1270269199.4990 1388986333.1829 1486885774.4779 1507715630.9902 1354664551.2436 398135923.7818 1298077422.7031 592880257.1013 683234805.730 
295418699.6579 1514125478.4372 184686392.1712 132068513.4852 739938102.4823 837032511.5567 152438549.7369 1521862453.9768 994470795.9228 275432266.1338 1673492131.1268 1101385655.9529 1869734529.4811 1971868272.5241 337121100.1 1590224911.6670 151476107.8130 1474805747.4753 1545206641.1548 911984474.2615 508758484.5922 1357302402.2185 1851800362.4701 1747090700.3283 989042848.8711 1600772632.1609 x 944881637.6538 1819083374.7986 584762533.5295 1414460412.2086 1329569631.9237 701765619.2707 331485367.2801 780791780.5303 1045353357.1878 774793035.6462 149151721.4809 1734085490.5209 1814376876.3093 1260341765.9473 1561190093.7666 888690700.1805 460150080.7384 1812770512.1912 1420012474.1634 721100047.5700 1453134027.6524 250456522.699 763448424.9119 
424024190.4229 285451875.553 326233364.7225 1250028802.9374 1155637619.3286 1702264832.3519 1258900882.2745 160542722.9441 1329309461.8576 267318783.9486 1587758135.3152 534262319.2587 821766429.6478 282946441.9582 1238744419.746 183036254.9158 169006181.4823 459285026.6737 501159204.5177 1777765578.9385 1909937313.3401 1108681749.6327 329159909.7756 1917769362.9859 1371340001.6572 639768290.4438 944881637.6538 x 1140184920.5418 913228956.2901 1975513238.813 437417293.4110 279044004.6593 1862157702.534 299330936.9828 1404554969.6812 772077739.1854 1502201291.5721 256464775.9634 1915054383.1858 1359888162.7742 844468897.6787 774796129.1204 1456641613.8264 1525685970.2777 1786436668.9416 467673395.1448 1380423414.740 1548492234.1072 1136864465.9951 
1199490694.1826 1356011652.8048 327197732.1488 1396177419.3270 743124724.3373 1421837216.4255 914366782.574 1071909583.3917 804273754.7554 1931832917.6978 1472139979.7982 1030271589.4723 1925056979.6021 900270784.7556 1596825955.8687 1098348147.7959 149162602.6101 311473909.2956 599865816.7631 617189648.2852 141141180.3 708352617.6989 378562222.5197 1070804807.7652 609023592.4120 734796569.2000 1819083374.7986 1140184920.5418 x 1361285396.5060 1856238332.2328 101829929.5263 580395688.7578 452633253.9366 963216435.2223 1450550506.8978 1101157744.5105 1692055597.7669 831958300.8373 685475708.8599 818453422.4634 1576252991.1276 857778414.9079 1420075943.176 1970215829.4385 1348408610.9269 1980362114.5985 1282182625.4729 701672678.2952 1660964342.207 
759507258.1872 1921372711.894 129490369.1744 207723844.7728 1975770899.7970 1062950047.156 1580911618.4541 1294266072.9428 167460294.2770 945745288.2737 1973426701.688 1974413332.9958 1676357438.2066 140251546.9438 1561750842.3462 392475845.8452 701177099.209 961640214.1124 1648047588.7349 351240460.8091 774038640.2348 565225099.3940 628094738.2766 380202426.4044 557431870.590 695134586.5272 584762533.5295 913228956.2901 1361285396.5060 x 1172273097.1984 490633742.9544 898280447.3098 791377360.5459 911667155.7713 341419265.4881 1598535221.3723 1053660095.8515 1417720309.3215 602368390.9992 1134662475.8545 403342648.9047 558071328.4994 1785134175.6563 1944845800.4150 1596388088.8715 454168694.4243 628228150.5537 1213419780.9918 1910287357.7963 
1815864826.9609 1135176292.4747 1799209663.8428 1268023189.4076 782304923.9908 1958578957.7435 1534844024.377 1010358890.6102 1222371566.3566 1357382148.3328 1723752239.7228 1622032689.9174 1269999941.2409 1799168546.9392 1807981906.8255 1143472144.7646 1385975381.2646 1040207084.8837 1964763709.442 1317143019.8574 283880340.5468 1042813858.1169 836346178.8692 661351344.1233 1331407836.8895 1977943022.8739 1414460412.2086 1975513238.813 1856238332.2328 1172273097.1984 x 1597915532.4379 425875969.2 1935057473.7274 1964379041.286 1988848033.3919 348663806.369 1568058176.2894 1633665215.8079 1352737526.6357 988230896.9408 962875211.3197 1213307436.2669 1795608895.6658 1671671524.2926 1231510085.3396 755296805.4674 350973561.7411 221899373.4363 1637880777.4673 
853098202.5131 1291954303.3979 1019654621.7000 1555961644.6447 1484935349.2550 489503500.444 770616510.8643 1026349608.4761 648809003.5653 552133991.1038 1239342689.6215 283031793.6802 158975335.4702 361522992.3044 362526158.4683 864652623.1446 1344693605.4486 1332020085.4672 1610443789.8175 1501841074.2594 870517001.788 715878302.8885 110119770.6339 926970014.6927 1629458227.5263 424072798.1105 1329569631.9237 437417293.4110 101829929.5263 490633742.9544 1597915532.4379 x 1843838799.2027 1660818237.4302 1616817127.4751 827496094.1607 254915961.1909 1678847665.9612 1777331100.8446 1336669873.991 198849705.8848 1942444648.5708 1902699719.2680 305431368.2420 784903694.8383 176812278.4769 749434057.5479 1761526417.5454 856673831.1900 1693673052.4797 
1790445776.8377 135513554.8388 871895774.4637 1179337757.4011 307730586.672 1066939100.7944 747553414.5877 202373839.3555 1143850512.4154 319322605.6295 1982774525.2048 1313797209.1335 1060499283.2142 1719988811.4218 169728223.9704 209190651.9847 844859148.6394 1760237966.9103 298965756.9781 1113567325.7662 1824324151.4346 1715490697.7083 420328957.2209 1222103288.5711 1015988269.1707 1193319017.6731 701765619.2707 279044004.6593 580395688.7578 898280447.3098 425875969.2 1843838799.2027 x 1984994839.7985 318348324.7853 877943758.1137 784603626.9608 1529856879.5099 1733782250.2420 1628678330.6288 1193044536.3569 919002380.3765 159464003.6883 1156630555.9006 1587358999.1050 1633479189.8887 1351055996.9751 1516257610.804 868829031.7405 848433357.7541 
278712682.1625 888962488.2264 993567931.9151 714344530.6867 128690914.5786 1119771982.8778 104738315.1725 1092450354.8698 816224793.9030 489037484.7152 675570246.5356 1278363978.4870 1895181522.8891 950992940.9584 1685785990.3041 562077489.1235 1115488976.448 1582046379.6710 641163147.3026 1044749846.2729 1640369181.9010 1558544633.9108 1043891570.6738 644448267.4188 1992428760.5613 224808425.1358 331485367.2801 1862157702.534 452633253.9366 791377360.5459 1935057473.7274 1660818237.4302 1984994839.7985 x 580109836.2003 1807419732.2108 982702206.9145 1351472993.9799 1430214848.6214 1202092213.827 1175156945.2913 1545677324.7285 1576079285.3805 509484811.4699 385266535.3272 1266770595.8553 215083855.7345 684494370.2395 677090951.4744 558906013.6958 
1709682302.2039 299544467.9964 502924769.3496 1780828337.7222 1661644498.9932 1297108027.405 491975492.2833 1607524024.2144 486466265.9241 1505205095.3094 199503678.2399 1036112646.2975 1055143152.7677 690388842.7010 611441734.9794 1711648575.4496 1699084480.3335 501645605.7062 520528874.2121 369101910.6901 1207424758.6141 1872131361.9837 317766568.9216 1412797394.2324 1244827239.2733 534599535.4209 780791780.5303 299330936.9828 963216435.2223 911667155.7713 1964379041.286 1616817127.4751 318348324.7853 580109836.2003 x 599840152.4030 472269997.8570 795094547.1157 1539343539.9440 261942369.1621 1196496181.6677 1117991190.3561 1573709054.9652 1730414343.1376 1922511781.5529 1041222454.5443 529136145.8989 1131251601.7048 110958631.5993 1459338467.962 
1696364541.7732 147503427.7957 651766659.3983 1765285981.9605 622373721.5896 1026090031.5931 1169180401.3030 909000647.1340 362769940.8983 1340712467.6453 244330877.9032 597092404.9818 442342346.6014 747820727.2979 631246141.879 1832793193.5994 492874833.4995 1845433745.7754 1811410828.7354 523197312.6890 1012579865.7740 296957837.8848 1763499664.2951 880121075.6292 1986739848.7357 1624836386.6793 1045353357.1878 1404554969.6812 1450550506.8978 341419265.4881 1988848033.3919 827496094.1607 877943758.1137 1807419732.2108 599840152.4030 x 1140146715.6392 274660014.9848 793983603.4855 1868952446.5984 1193979640.6411 1594444491.8000 605872233.8744 1667267927.3998 1517210823.6421 928469470.3691 103016616.5902 857245277.4808 1736648190.6018 1593237040.5109 
1295842506.330 271504087.8750 965319176.7775 1587018255.2585 1541240816.6002 1706552907.3864 1414943540.6985 567797568.9414 1438271019.3422 244244289.6191 1468490474.8378 222640819.6236 691712951.7904 216381925.2726 532593138.886 1869472548.1312 298125332.1172 1935721742.2940 1810064143.4503 1278755271.362 533950616.2529 189433756.6087 341334839.5410 217834835.1970 1005782386.7649 755914553.1957 774793035.6462 772077739.1854 1101157744.5105 1598535221.3723 348663806.369 254915961.1909 784603626.9608 982702206.9145 472269997.8570 1140146715.6392 x 244119559.6427 1385416255.1444 1884546585.4899 838347716.6191 128631312.3003 1018468022.3904 1043728709.8721 1553620521.9068 1741446590.5543 1441694493.2366 1012556685.5668 1035113129.4679 1550928527.563 
1721600941.8480 134736263.8467 1891521341.1303 567784104.317 1412342186.2592 111953803.6893 374928819.8471 254939194.5251 1130553108.5594 1963813570.9709 1701633272.39 1063429730.9768 1725812840.8697 1190298658.4268 954674319.2499 1009724232.8549 1093026104.6636 1177698958.8265 1037431853.2912 1684116999.9646 1772002614.5468 1136980305.8690 216288477.8968 1957200080.2075 895111435.6043 747857967.7206 149151721.4809 1502201291.5721 1692055597.7669 1053660095.8515 1568058176.2894 1678847665.9612 1529856879.5099 1351472993.9799 795094547.1157 274660014.9848 244119559.6427 x 1448077347.1584 1289334302.94 1432008540.7328 1602092363.9103 546345483.9129 508302228.1044 1608387685.8630 1683290083.4021 190964353.3734 959654090.2281 1076957377.3054 1247233030.5722 
112416824.6805 1284050744.2458 139728943.3334 1025334008.6304 721272789.1675 699228890.8222 1257786011.6143 1365184971.5486 1895338171.3828 643075886.993 209032565.7830 1750904453.931 1115160716.4322 118408072.7440 932103907.2375 1358411828.8516 895686521.3952 1239406631.9684 1427026754.2300 1237076740.660 1594680562.764 1519736833.4795 1727663520.6627 640976578.7566 316812858.5710 1069505460.8526 1734085490.5209 256464775.9634 831958300.8373 1417720309.3215 1633665215.8079 1777331100.8446 1733782250.2420 1430214848.6214 1539343539.9440 793983603.4855 1385416255.1444 1448077347.1584 x 1640765800.6260 1007079182.1672 556515914.9048 318195471.3682 693841613.1919 1201991662.5418 437979994.7396 977456753.7083 1152213677.3943 1725213104.2581 1389046194.3274 
1006965524.3041 412891568.3922 1687894274.477 756998566.7969 1284836159.2309 1681686044.7455 192592265.3410 1152751728.2200 1882300752.6531 118150004.1454 1643574277.8393 1951947524.4883 1135268941.260 1423418097.840 1940727389.8302 1913872373.8176 156858194.2767 216199440.4584 395736897.9159 848815535.2605 1406635689.9697 1876940592.2585 1547348089.9315 217716326.1035 687327838.4899 405595556.5221 1814376876.3093 1915054383.1858 685475708.8599 602368390.9992 1352737526.6357 1336669873.991 1628678330.6288 1202092213.827 261942369.1621 1868952446.5984 1884546585.4899 1289334302.94 1640765800.6260 x 672898337.7347 1910083372.4275 708555571.933 544536533.5242 507450638.7876 1434926069.8902 1641626266.2633 494258129.265 661749367.6897 1369731803.9030 
1191044934.3217 284055054.6402 297110101.1657 1511158845.5110 1412503751.503 1376350812.1063 489785322.9547 1852235675.4142 802131241.523 374103450.4862 1760508027.8614 509211368.6290 236564794.2738 923881876.1189 322692185.6518 1684501329.716 1284390149.250 484902062.1793 630448623.9275 449628312.8364 565300630.8532 1438838148.1364 1605622352.4120 1756090651.1241 770091443.4114 1604144676.1686 1260341765.9473 1359888162.7742 818453422.4634 1134662475.8545 988230896.9408 198849705.8848 1193044536.3569 1175156945.2913 1196496181.6677 1193979640.6411 838347716.6191 1432008540.7328 1007079182.1672 672898337.7347 x 350346332.8546 1810106396.7385 1452834417.6389 1854487345.7644 223125049.7643 230062986.1203 1195468316.8098 445386747.4371 1970500673.2581 
1964573742.8186 418936885.7308 1007018209.1872 459682575.3170 1303385075.945 406501001.2683 145824480.2403 562629971.1332 1805931502.9872 1453508140.5660 1785891282.8859 1909724667.1130 1676394302.5386 1752118139.1464 128262884.2851 1209163124.5946 1393613225.8746 1567690470.5391 1256520524.6406 644282146.4642 218332373.9784 1272802735.7209 1930259994.5684 1266166133.5023 570327855.1339 1270269199.4990 1561190093.7666 844468897.6787 1576252991.1276 403342648.9047 962875211.3197 1942444648.5708 919002380.3765 1545677324.7285 1117991190.3561 1594444491.8000 128631312.3003 1602092363.9103 556515914.9048 1910083372.4275 350346332.8546 x 472445342.3327 1808205493.2102 1135527203.1524 1079126939.6036 1888570356.9372 965291693.7257 726608951.4675 815734651.4054 
1026554345.6339 558380877.3414 1460657260.9568 1469414789.979 1309682857.1559 1956474046.1442 1723691514.9340 386247757.1849 1130712292.8602 1577264151.6040 996048785.3218 229665387.5582 1151445499.5457 1431544180.2329 286176020.6846 504628494.8011 1079920212.5559 366120363.4991 185463351.2139 178132666.9424 334111315.115 1505206571.6853 500303656.1774 647361348.8261 1540916684.8678 1388986333.1829 888690700.1805 774796129.1204 857778414.9079 558071328.4994 1213307436.2669 1902699719.2680 159464003.6883 1576079285.3805 1573709054.9652 605872233.8744 1018468022.3904 546345483.9129 318195471.3682 708555571.933 1810106396.7385 472445342.3327 x 1451220225.4318 1520936003.9295 1615174460.2786 514963803.4317 1847671687.5761 1895659773.4306 199083038.9332 
1782962893.103 897524223.205 913432595.8103 895555886.4466 174454120.3511 541709452.1752 1094635838.4646 1662161211.4389 573050136.9513 580835547.8571 623762466.1662 941907944.5126 812892217.1651 309954557.3832 1718351459.4800 1543842450.9577 589050128.3816 684228714.623 1542090844.719 198675189.9644 1668193584.1827 386275619.719 1170906723.6111 912051716.8426 819825376.4900 1486885774.4779 460150080.7384 1456641613.8264 1420075943.176 1785134175.6563 1795608895.6658 305431368.2420 1156630555.9006 509484811.4699 1730414343.1376 1667267927.3998 1043728709.8721 508302228.1044 693841613.1919 544536533.5242 1452834417.6389 1808205493.2102 1451220225.4318 x 1013760307.819 388763896.3228 1106771466.2782 1757403456.4091 931702790.6906 913966718.4606 
776945274.6192 1019149032.7138 1923544875.9706 1358496581.9912 716298127.8180 133620396.6756 1628842798.4508 1074179728.1347 982126423.5483 1542741185.7417 1934080934.8141 455079337.2239 1633331286.4837 1209876801.1066 413771729.4337 1119797654.7274 1033939682.2270 1473914314.7679 1751138056.615 690702489.7179 535624896.7409 381498871.144 952130167.8198 346531170.4744 1399634036.1819 1507715630.9902 1812770512.1912 1525685970.2777 1970215829.4385 1944845800.4150 1671671524.2926 784903694.8383 1587358999.1050 385266535.3272 1922511781.5529 1517210823.6421 1553620521.9068 1608387685.8630 1201991662.5418 507450638.7876 1854487345.7644 1135527203.1524 1520936003.9295 1013760307.819 x 131317693.3699 1515925932.7443 285828243.2663 150625704.5663 1233125818.189 
167812091.9796 1480772248.4476 1203292069.658 1890548126.743 654685861.3949 228512142.5844 1381148094.6830 1013016842.6774 1751238168.8900 622618751.5991 1904788374.4559 469882018.8187 1816529261.741 1677426786.855 1509905347.5361 1744825494.5407 953758146.6204 1445133947.3014 643256425.9307 1286255189.929 263409820.6224 1190474640.7588 1030840876.7404 1172575313.2044 1349803576.9496 1354664551.2436 1420012474.1634 1786436668.9416 1348408610.9269 1596388088.8715 1231510085.3396 176812278.4769 1633479189.8887 1266770595.8553 1041222454.5443 928469470.3691 1741446590.5543 1683290083.4021 437979994.7396 1434926069.8902 223125049.7643 1079126939.6036 1615174460.2786 388763896.3228 131317693.3699 x 346965049.4696 1660185930.1152 283895428.3167 648919240.8671 
1677027887.6409 559351656.8345 1290554088.4906 1100660586.2760 880675747.9817 1975622245.4447 928158165.9257 1241758381.5694 1270378207.6691 662363329.9541 364144318.8028 230390629.1543 1316150562.3264 1472160945.2629 1625663650.564 161194941.3416 1216201093.7948 1026502300.4922 1057188952.257 724705133.2411 812721534.6084 1389181731.9983 1430703253.3259 1350300949.2280 1647483148.5966 398135923.7818 721100047.5700 467673395.1448 1980362114.5985 454168694.4243 755296805.4674 749434057.5479 1351055996.9751 215083855.7345 529136145.8989 103016616.5902 1441694493.2366 190964353.3734 977456753.7083 1641626266.2633 230062986.1203 1888570356.9372 514963803.4317 1106771466.2782 1515925932.7443 346965049.4696 x 1338077824.9909 954966349.7345 337020617.5831 
767264207.8302 1451990028.6946 1710324635.9077 1485682577.752 1116277636.5904 857414306.8752 913102772.644 1213182524.437 1470241835.7530 1717223741.8994 1029080714.5858 1002903544.5554 432288854.4070 1007968843.4251 200972565.8596 701113956.2462 989529341.7866 1551429391.6341 696582094.6200 1139660379.1547 761026777.6695 1557183091.5746 336909199.792 342629600.3849 312219253.8959 1298077422.7031 1453134027.6524 1380423414.740 1282182625.4729 628228150.5537 350973561.7411 1761526417.5454 1516257610.804 684494370.2395 1131251601.7048 857245277.4808 1012556685.5668 959654090.2281 1152213677.3943 494258129.265 1195468316.8098 965291693.7257 1847671687.5761 1757403456.4091 285828243.2663 1660185930.1152 1338077824.9909 x 381892945.516 1340665405.8205 
452970204.8849 1061793459.9292 1639055787.7138 1588073128.820 100948529.9021 1413285416.1899 1806065998.3214 295930835.2187 1060768341.7476 1871935623.1396 1257625674.3501 481769826.6916 515478603.5922 1495521431.5044 1302768471.5354 190083704.4393 747278548.6422 975819451.3042 1438350863.2755 1919488499.4749 1684311314.5249 629627506.5949 637770753.9820 189882149.8702 297482849.7350 592880257.1013 250456522.699 1548492234.1072 701672678.2952 1213419780.9918 221899373.4363 856673831.1900 868829031.7405 677090951.4744 110958631.5993 1736648190.6018 1035113129.4679 1076957377.3054 1725213104.2581 661749367.6897 445386747.4371 726608951.4675 1895659773.4306 931702790.6906 150625704.5663 283895428.3167 954966349.7345 381892945.516 x 305626553.5956 
1922048785.3968 1807694594.415 690205463.3547 1849136855.4485 1592101754.2399 1891275544.219 1224477610.2879 281503837.6386 797592113.5680 912158509.3032 216801782.8369 816963977.1140 916432177.994 975980860.8914 898588296.6274 1691961621.6702 1480244957.8471 1835668401.608 1682530266.7588 1022993118.9177 420520384.6249 1343318744.6287 1146719523.2492 396001049.6074 822615675.755 683234805.730 763448424.9119 1136864465.9951 1660964342.207 1910287357.7963 1637880777.4673 1693673052.4797 848433357.7541 558906013.6958 1459338467.962 1593237040.5109 1550928527.563 1247233030.5722 1389046194.3274 1369731803.9030 1970500673.2581 815734651.4054 199083038.9332 913966718.4606 1233125818.189 648919240.8671 337020617.5831 1340665405.8205 305626553.5956 x 
