100
40
A_l_u_m_n_iH_o_u_s_e A_n_t_h_o_n_yH_a_l_l B_a_n_c_r_o_f_tL_i_b_r_a_r_y B_a_n_w_a_yB_l_d_g B_a_r_k_e_rH_a_l_l B_a_r_r_o_wL_a_n_e B_a_r_r_o_w_sH_a_l_l BARTS_t_a_t_i_o_n B_e_r_k_e_l_e_yA_r_tM_u_s_e_u_m B_e_r_k_e_l_e_yW_a_yW_e_s_t B_i_r_g_eH_a_l_l B_l_a_c_k_w_e_l_lH_a_l_l B_l_u_mH_a_l_l B_o_a_l_tH_a_l_l B_o_t_a_n_i_c_a_lG_a_r_d_e_n B_r_a_i_nI_m_a_g_i_n_gC_e_n_t_e_r E_a_s_tA_s_i_a_nL_i_b_r_a_r_y C_a_l_i_f_o_r_n_i_aH_a_l_l C_a_l_v_i_nL_a_b_o_r_a_t_o_r_y C_a_m_p_a_n_i_l_e C_a_m_p_b_e_l_lH_a_l_l C_a_r_e_e_rC_e_n_t_e_r C_h_a_nS_h_u_nA_u_d_i_t_o_r_i_u_m VLSB C_h_e_i_tH_a_l_l C_h_o_uH_a_l_l C_l_a_r_kK_e_r_rC_a_m_p_u_s CNMAT C_o_r_y C_y_c_l_o_t_r_o_nR_d D_a_v_i_sH_a_l_l D_o_eM_e_m_o_r_i_a_lL_i_b_r_a_r_y D_o_n_n_e_rL_a_b D_u_r_a_n_tH_a_l_l D_w_i_n_e_l_l_e E_a_s_tG_a_t_e E_d_w_a_r_d_sS_t_a_d_i_u_m E_s_h_l_e_m_a_nH_a_l_l E_t_c_h_e_v_e_r_r_yH_a_l_l E_v_a_n_sD_i_a_m_o_n_d E_v_a_n_sH_a_l_l E_y_eC_e_n_t_e_r T_a_n_gC_e_n_t_e_r F_a_c_u_l_t_yC_l_u_b F_a_c_u_l_t_yG_l_a_d_e F_o_u_n_d_e_r_sR_o_c_k F_o_xC_o_t_t_a_g_e G_a_y_l_e_yR_d G_i_a_n_n_i_n_iH_a_l_l G_i_a_u_q_u_eH_a_l_l G_i_l_m_a_nH_a_l_l G_o_l_d_m_a_nF_i_e_l_d G_o_l_d_m_a_nP_l_a_z_a G_r_e_e_n_h_o_u_s_e H_a_a_sP_a_v_i_l_i_o_n H_a_v_i_l_a_n_dH_a_l_l H_e_a_r_s_tF_i_e_l_dA_n_n_e_x H_e_a_r_s_tG_r_e_e_kT_h_e_a_t_r_e H_e_a_r_s_tM_i_n_i_n_gC_i_r_c_l_e H_e_r_t_zH_a_l_l H_e_s_s_eH_a_l_l S_o_d_a H_i_l_d_e_b_r_a_n_dH_a_l_l H_i_l_g_a_r_dH_a_l_l I_n_s_e_c_t_a_r_y I_n_t_e_r_n_a_t_i_o_n_a_lH_o_u_s_e I_s_h_iC_o_u_r_t J_a_c_o_b_sH_a_l_l K_o_s_h_l_a_n_dH_a_l_l K_r_o_e_b_e_rH_a_l_l K_r_u_t_c_hT_h_e_a_t_e_r L_a_t_i_m_e_rH_a_l_l L_eC_o_n_t_eH_a_l_l L_e_v_i_n_eF_r_i_c_k_eF_i_e_l_d L_e_w_i_sH_a_l_l L_o_w_e_rS_p_r_o_u_lP_l_a_z_a MLK M_a_x_w_e_l_lF_a_m_i_l_yF_i_e_l_d M_cC_o_n_eH_a_l_l M_cE_n_e_r_n_e_yH_a_l_l M_cL_a_u_g_h_l_i_nH_a_l_l M_i_n_o_rH_a_l_l M_i_n_o_rH_a_l_lA_d_d_i_t_i_o_n M_o_f_f_i_t_t M_o_r_g_a_nH_a_l_l M_o_r_r_i_s_o_nH_a_l_l M_o_s_e_sH_a_l_l M_u_l_f_o_r_dH_a_l_l N_o_r_t_hF_i_e_l_d N_o_r_t_hG_a_t_eH_a_l_l OB_r_i_e_nH_a_l_l O_b_s_e_r_v_a_t_o_r_yH_i_l_l O_l_dA_r_tG_a_l_l_e_r_y O_p_t_o_m_e_t_r_yC_l_i_n_i_c P_i_m_e_n_t_e_lH_a_l_l P_o_l_i_c_eUC RSF R_e_s_i_d_e_n_c_eH_a_l_l_s B_o_w_l_e_sH_a_l_l C_l_e_a_r_yH_a_l_l
A_l_u_m_n_iH_o_u_s_e A_n_t_h_o_n_yH_a_l_l B_a_n_c_r_o_f_tL_i_b_r_a_r_y B_a_n_w_a_yB_l_d_g B_a_r_k_e_rH_a_l_l B_a_r_r_o_wL_a_n_e B_a_r_r_o_w_sH_a_l_l BARTS_t_a_t_i_o_n B_e_r_k_e_l_e_yA_r_tM_u_s_e_u_m B_e_r_k_e_l_e_yW_a_yW_e_s_t B_i_r_g_eH_a_l_l B_l_a_c_k_w_e_l_lH_a_l_l B_l_u_mH_a_l_l B_o_a_l_tH_a_l_l B_o_t_a_n_i_c_a_lG_a_r_d_e_n B_r_a_i_nI_m_a_g_i_n_gC_e_n_t_e_r E_a_s_tA_s_i_a_nL_i_b_r_a_r_y C_a_l_i_f_o_r_n_i_aH_a_l_l C_a_l_v_i_nL_a_b_o_r_a_t_o_r_y C_a_m_p_a_n_i_l_e C_a_m_p_b_e_l_lH_a_l_l C_a_r_e_e_rC_e_n_t_e_r C_h_a_nS_h_u_nA_u_d_i_t_o_r_i_u_m VLSB C_h_e_i_tH_a_l_l C_h_o_uH_a_l_l C_l_a_r_kK_e_r_rC_a_m_p_u_s CNMAT C_o_r_y C_y_c_l_o_t_r_o_nR_d D_a_v_i_sH_a_l_l D_o_eM_e_m_o_r_i_a_lL_i_b_r_a_r_y D_o_n_n_e_rL_a_b D_u_r_a_n_tH_a_l_l D_w_i_n_e_l_l_e E_a_s_tG_a_t_e E_d_w_a_r_d_sS_t_a_d_i_u_m E_s_h_l_e_m_a_nH_a_l_l E_t_c_h_e_v_e_r_r_yH_a_l_l E_v_a_n_sD_i_a_m_o_n_d
S_o_d_a
x 11.5 11.5 11.5 6.5 11.5 12.0 11.5 12.5 11.5 11.5 11.5 9.5 8.5 11.5 9.5 14.5 13.5 10.5 10.5 16.5 5.5 14.5 10.0 5.5 14.0 12.0 10.5 11.5 14.0 11.5 7.5 11.0 13.5 11.5 13.5 10.5 11.5 8.5 8.5 12.5 11.5 8.5 8.5 10.5 10.5 8.5 12.0 11.0 8.0 11.5 9.5 9.5 13.0 3.0 3.0 12.0 8.5 8.0 7.5 6.5 8.5 7.0 8.5 8.5 11.0 4.0 11.0 12.5 5.5 6.5 8.5 10.5 8.5 11.0 3.0 13.0 11.5 15.0 15.0 14.0 11.5 15.5 7.5 11.5 12.0 6.0 17.5 5.5 10.0 12.0 10.5 14.0 12.5 14.0 12.5 5.5 5.5 10.0 9.5
11.5 x 10.5 13.5 13.5 9.5 12.0 9.5 3.0 8.5 10.5 12.5 13.0 12.5 6.0 11.0 17.5 14.5 5.5 3.0 13.0 11.5 15.5 14.5 10.0 5.0 8.0 14.5 11.5 10.5 5.5 16.5 10.5 10.5 14.0 5.5 11.5 10.5 14.0 6.5 9.5 10.5 10.5 9.0 14.0 5.0 10.5 15.0 7.5 12.5 3.0 12.0 9.0 8.0 8.5 13.5 11.5 8.0 12.0 12.5 5.0 6.0 9.5 5.5 11.5 15.0 11.0 14.5 12.0 9.5 13.5 12.5 13.0 13.5 8.0 10.5 7.0 10.5 10.5 11.5 11.0 14.0 16.0 14.0 15.5 11.5 14.5 14.5 10.5 11.0 11.5 11.5 10.5 14.5 11.0 10.5 11.0 8.5 9.5 12.0
11.5 10.5 x 12.5 15.5 9.5 12.0 12.5 10.5 14.5 10.5 11.5 11.5 4.0 9.5 13.5 10.5 15.5 8.5 9.5 6.0 10.5 14.5 15.0 12.5 15.0 10.5 14.5 10.5 9.5 8.5 13.0 13.5 14.5 9.5 5.0 10.5 13.5 8.5 10.5 13.0 12.0 8.5 8.5 15.5 15.0 14.5 13.5 14.5 12.0 7.5 12.0 9.5 6.0 11.5 8.5 12.0 6.0 16.0 12.0 13.0 15.5 11.5 5.5 6.5 9.5 15.0 6.5 13.0 11.0 17.5 13.0 8.0 13.0 3.0 12.0 12.0 7.5 10.5 11.5 9.5 11.0 14.0 4.0 11.5 9.5 6.5 9.5 11.0 11.0 12.0 11.0 13.0 12.0 15.0 10.5 14.0 12.5 14.0 11.5
11.5 13.5 12.5 x 5.0 10.5 13.0 15.5 11.5 9.5 13.5 11.5 14.5 9.5 10.5 9.5 16.5 7.5 9.5 12.5 16.5 12.5 14.5 11.5 11.5 17.0 12.0 12.5 10.5 11.5 13.5 14.5 11.5 13.5 13.5 8.5 3.0 13.5 9.5 11.5 10.5 11.5 13.5 10.5 12.5 13.5 11.0 12.5 11.5 12.5 11.0 8.5 11.5 6.5 13.5 10.5 11.5 12.5 14.5 9.5 10.5 11.5 9.5 8.5 14.0 7.5 7.5 12.0 5.5 13.0 10.0 10.5 5.5 5.5 11.0 10.0 8.5 10.5 14.5 8.0 3.0 11.0 14.0 13.0 11.0 9.0 7.0 16.5 8.0 14.0 14.5 12.5 13.0 8.5 15.0 8.0 10.5 11.5 11.0 8.0
6.5 13.5 15.5 5.0 x 10.5 13.0 15.5 11.5 10.5 11.5 12.5 10.5 14.0 10.5 10.5 17.5 12.0 11.5 13.5 16.5 11.5 12.5 12.5 6.5 13.5 14.0 9.5 13.5 11.0 13.5 10.0 7.5 14.5 13.5 13.0 7.5 9.0 10.5 7.5 6.5 13.5 13.5 10.0 12.5 13.5 12.5 13.0 7.0 9.0 11.5 12.5 9.5 9.5 8.5 9.0 12.0 14.0 13.0 6.5 12.0 12.0 10.5 10.0 12.0 12.0 3.0 16.5 6.5 8.5 5.5 6.0 10.0 9.5 12.5 9.0 12.0 13.0 15.0 10.0 7.5 10.5 15.0 13.5 15.5 13.0 11.5 12.0 11.5 11.0 12.0 10.5 16.0 11.0 10.5 12.5 6.0 11.5 9.0 4.0
11.5 9.5 9.5 10.5 10.5 x 3.0 5.5 6.5 10.5 10.5 10.5 9.0 6.0 11.5 10.5 17.5 12.5 9.0 12.0 13.5 11.0 12.5 12.5 7.5 14.0 10.0 13.5 5.5 9.5 9.0 14.5 10.5 10.5 14.0 12.5 8.5 10.5 11.5 3.0 8.0 11.5 15.0 5.5 12.5 10.0 15.5 12.5 11.0 10.0 12.0 3.0 8.5 7.5 10.0 9.5 9.0 12.0 8.5 11.5 13.5 8.5 11.5 11.5 11.0 12.5 7.5 8.5 7.0 8.0 10.0 12.0 7.5 5.5 11.0 13.5 12.5 12.5 10.0 11.5 11.0 7.0 10.5 13.0 13.0 9.0 8.5 17.5 8.0 12.0 11.0 8.0 8.0 10.5 12.0 10.0 12.5 11.0 12.0 9.5
12.0 12.0 12.0 13.0 13.0 3.0 x 3.0 9.0 12.5 8.5 7.5 11.0 9.0 12.5 9.5 15.5 14.5 11.5 14.5 12.5 8.5 10.0 13.0 10.0 13.5 11.5 11.5 8.0 12.0 11.5 17.0 7.5 13.0 11.5 12.5 11.0 13.0 12.5 5.5 10.5 13.0 15.5 8.0 14.5 12.5 18.0 15.0 13.5 11.0 9.5 6.0 8.5 10.0 12.5 12.0 11.5 14.0 11.0 9.0 15.0 9.0 12.0 12.0 8.5 13.0 10.0 11.0 9.5 10.5 12.5 12.0 10.0 8.0 12.0 11.0 11.5 13.0 7.5 11.0 13.5 4.0 8.0 15.5 11.5 11.5 11.0 18.5 10.5 14.5 11.0 10.5 10.5 8.0 14.5 12.5 14.0 11.5 11.5 11.0
11.5 9.5 12.5 15.5 15.5 5.5 3.0 x 11.5 9.5 6.0 10.0 8.5 11.0 9.5 7.0 14.5 17.0 11.5 12.0 9.5 6.0 12.5 10.5 12.0 11.5 8.5 14.0 10.5 13.5 9.5 16.5 10.0 15.5 8.5 9.5 13.5 12.5 10.5 8.0 13.0 10.5 14.5 10.5 11.5 11.5 17.5 17.0 16.0 13.5 7.0 8.0 6.0 12.5 13.5 12.5 14.0 12.0 13.5 11.5 12.5 11.5 9.5 9.5 6.0 11.5 12.5 13.5 10.5 10.5 15.0 9.5 12.5 10.5 9.5 8.5 14.0 11.0 5.0 13.5 15.0 6.5 10.5 15.0 14.0 14.0 13.5 16.0 9.5 15.0 8.5 11.5 13.0 10.5 14.0 14.0 11.5 11.0 14.0 13.0
12.5 3.0 10.5 11.5 11.5 6.5 9.0 11.5 x 11.0 13.0 13.5 11.5 12.0 8.5 12.5 17.5 11.5 3.0 5.5 13.5 9.0 16.5 13.5 7.5 7.5 5.5 13.5 10.5 10.5 3.0 15.5 13.0 13.0 11.5 8.0 13.5 8.0 11.5 4.0 12.0 9.0 9.0 6.5 13.5 7.5 10.5 12.5 5.0 10.0 5.5 9.0 6.5 5.5 10.0 11.5 10.0 5.5 9.5 11.5 7.5 8.5 10.0 8.0 9.0 13.5 8.5 14.5 13.0 9.0 11.0 10.0 10.5 11.5 8.0 11.5 6.5 8.0 9.0 14.0 9.0 12.5 14.5 14.0 13.0 9.0 14.5 13.0 8.5 12.0 9.0 9.0 8.0 14.5 8.5 8.0 12.5 11.0 8.5 11.0
11.5 8.5 14.5 9.5 10.5 10.5 12.5 9.5 11.0 x 14.0 10.0 14.5 12.5 12.5 3.0 16.5 11.5 10.5 6.0 12.5 14.5 14.5 9.5 11.5 13.0 13.0 11.5 12.5 12.5 13.5 12.0 10.5 13.5 13.5 13.5 7.0 10.5 12.5 11.5 9.5 12.5 10.0 9.5 14.5 11.5 12.5 16.5 14.0 13.5 11.0 11.5 13.5 12.5 9.5 13.5 10.5 15.0 13.5 12.5 13.0 14.0 12.5 9.5 11.0 14.0 10.5 14.5 4.0 6.5 8.0 12.5 9.5 9.5 12.0 13.5 7.0 14.5 14.0 12.5 12.0 13.5 13.5 13.5 15.0 13.0 15.0 15.5 10.5 15.0 15.5 7.5 15.0 8.5 17.5 12.0 12.0 15.0 9.5 6.5
11.5 10.5 10.5 13.5 11.5 10.5 8.5 6.0 13.0 14.0 x 7.5 3.0 13.5 9.5 12.5 15.5 12.5 11.5 9.0 15.0 11.5 14.5 16.0 6.5 15.0 14.0 9.5 10.5 7.5 14.0 16.5 10.0 12.5 13.5 10.5 10.5 13.0 8.5 11.0 13.0 5.0 9.5 13.0 8.0 14.5 16.5 13.0 12.0 9.0 8.0 8.0 11.5 13.0 8.5 11.5 9.5 14.0 9.5 7.0 12.0 14.0 12.5 5.0 11.5 6.0 10.0 14.0 13.0 10.5 12.5 8.5 11.5 10.5 7.5 14.0 12.5 12.0 10.5 11.0 10.5 11.0 14.0 11.5 14.0 14.0 14.0 14.0 9.0 10.5 14.0 12.0 8.5 13.5 15.5 8.5 6.0 16.5 9.5 13.5
11.5 12.5 11.5 11.5 12.5 10.5 7.5 10.0 13.5 10.0 7.5 x 5.0 8.0 11.5 12.5 16.5 15.5 11.5 10.0 14.5 14.5 12.5 11.5 6.5 13.5 14.0 14.5 13.5 13.5 13.5 14.5 7.5 12.5 15.5 14.5 14.0 6.0 8.5 10.0 7.5 12.0 14.0 11.5 14.0 10.5 17.5 7.5 12.0 4.0 15.0 13.0 13.0 13.5 9.0 14.5 9.5 11.0 11.5 12.0 12.5 13.0 14.5 12.0 15.5 6.0 10.0 10.5 13.0 11.5 12.5 11.5 11.5 15.0 14.0 14.0 11.5 13.0 13.5 4.0 10.5 4.0 14.0 11.5 16.5 11.0 10.5 19.0 15.5 11.0 15.5 8.5 10.5 8.5 15.5 8.5 11.5 15.5 11.5 10.0
9.5 13.0 11.5 14.5 10.5 9.0 11.0 8.5 11.5 14.5 3.0 5.0 x 12.5 9.5 12.5 13.0 15.0 8.5 11.5 17.0 14.0 14.5 14.5 4.0 12.5 11.0 12.0 8.5 10.0 14.0 16.0 9.5 15.0 15.5 13.0 13.0 10.5 11.0 8.5 12.0 7.5 12.0 11.0 10.5 13.5 15.5 10.5 9.5 6.5 10.5 10.5 14.0 11.0 6.5 12.0 12.0 12.0 7.0 9.5 10.0 12.0 15.0 7.5 12.5 8.5 7.5 15.0 15.5 9.0 10.0 11.0 14.0 13.0 9.0 12.0 12.0 13.5 13.0 8.5 13.0 8.5 16.5 12.5 15.0 11.5 14.5 15.5 11.5 8.5 16.5 12.0 6.0 11.0 13.0 11.0 8.5 14.5 10.5 13.0
8.5 12.5 4.0 9.5 14.0 6.0 9.0 11.0 12.0 12.5 13.5 8.0 12.5 x 11.5 10.0 14.0 16.5 12.0 13.0 9.5 13.5 14.5 18.0 13.0 13.5 10.5 13.0 11.0 6.0 12.0 15.5 15.0 16.0 13.0 7.0 12.0 13.5 9.0 8.5 13.5 8.5 12.0 11.0 13.5 13.5 16.5 15.0 11.0 11.5 9.5 8.5 13.0 9.5 11.0 11.0 14.5 9.5 14.0 12.5 10.0 14.0 15.0 9.0 10.0 11.5 12.0 3.0 12.5 13.5 14.5 15.5 11.5 11.0 6.5 11.0 15.5 11.0 7.0 11.5 12.0 11.5 16.0 7.5 15.0 13.0 3.0 13.0 13.5 12.0 14.5 10.5 13.5 8.5 14.5 12.0 13.5 13.5 15.0 12.5
11.5 6.0 9.5 10.5 10.5 11.5 12.5 9.5 8.5 12.5 9.5 11.5 9.5 11.5 x 12.5 12.5 15.5 6.5 8.5 9.5 15.0 14.5 14.5 6.0 10.5 8.5 12.5 14.5 7.5 11.0 10.5 10.5 12.5 16.5 11.0 11.5 12.5 8.5 8.5 4.0 5.0 15.5 11.0 11.5 10.5 16.0 12.5 11.5 8.5 8.5 13.5 13.0 4.0 8.5 13.0 9.5 13.5 10.5 9.5 10.5 9.5 13.5 11.0 15.0 11.0 9.5 14.0 9.5 10.5 12.0 14.0 11.5 14.0 12.0 14.0 9.5 11.0 5.0 7.5 7.5 12.5 14.0 13.0 15.0 15.0 14.0 15.5 14.0 6.0 15.0 12.0 15.0 11.5 15.0 8.5 11.0 12.0 7.0 6.5
9.5 11.0 13.5 9.5 10.5 10.5 9.5 7.0 12.5 3.0 12.5 12.5 12.5 10.0 12.5 x 14.5 11.5 13.0 8.5 10.0 12.5 13.5 9.5 9.5 15.5 15.0 11.5 10.5 9.5 13.5 14.5 10.5 10.5 15.0 16.0 6.5 7.5 13.0 9.5 9.5 9.5 12.5 6.5 12.5 8.5 12.5 14.5 15.0 10.5 13.5 12.0 11.5 12.5 6.5 10.5 8.0 12.0 15.0 13.0 10.0 12.0 13.0 12.0 12.5 11.5 13.0 12.5 4.0 4.0 10.5 9.5 9.0 9.0 12.0 12.0 9.5 14.0 11.5 9.5 12.0 13.0 11.0 13.5 12.5 11.5 12.5 15.5 8.0 14.0 12.5 5.0 13.0 8.5 15.0 11.5 9.0 14.5 12.0 6.5
14.5 17.5 10.5 16.5 17.5 17.5 15.5 14.5 17.5 16.5 15.5 16.5 13.0 14.0 12.5 14.5 x 17.5 15.5 16.5 5.0 14.5 16.5 18.0 11.5 16.5 12.5 16.5 15.5 15.5 15.5 17.5 14.5 18.5 8.0 15.0 14.5 13.5 14.5 14.5 16.0 17.0 17.5 12.0 8.0 14.5 15.5 16.5 17.0 12.5 14.5 16.5 11.5 16.0 14.0 15.5 15.5 16.0 16.5 13.5 17.5 17.5 8.0 12.5 10.5 17.0 15.0 13.5 13.0 14.5 14.5 15.0 11.5 15.5 13.0 16.0 16.5 10.0 9.5 15.5 13.5 18.0 14.5 14.0 10.5 15.5 16.5 18.5 12.5 7.0 11.5 10.5 18.0 8.0 13.5 14.0 16.5 15.5 16.0 14.5
13.5 14.5 15.5 7.5 12.0 12.5 14.5 17.0 11.5 11.5 12.5 15.5 15.0 16.5 15.5 11.5 17.5 x 14.0 14.5 12.5 14.5 9.5 13.5 12.5 17.0 15.5 8.5 12.5 11.5 14.0 17.0 14.0 14.5 12.5 15.5 5.0 9.5 9.5 12.5 12.5 14.0 12.5 9.5 10.0 14.5 12.5 14.5 7.0 12.5 13.5 10.5 14.0 13.5 14.5 12.5 11.5 14.5 12.5 6.0 16.5 13.5 11.5 10.5 15.0 12.0 9.5 17.5 7.5 12.0 12.0 11.5 7.5 7.5 13.0 15.0 11.5 12.5 16.5 11.5 10.0 17.0 7.0 15.0 10.5 11.0 14.0 13.0 10.0 16.0 14.5 7.0 15.0 12.0 10.5 10.0 14.0 16.0 8.5 10.0
10.5 5.5 8.5 9.5 11.5 9.0 11.5 11.5 3.0 10.5 11.5 11.5 8.5 12.0 6.5 13.0 15.5 14.0 x 8.0 11.5 11.5 14.5 15.5 5.0 8.5 3.0 11.5 13.0 13.0 5.5 16.5 10.5 15.5 14.5 10.5 12.0 10.5 12.5 6.5 10.0 11.0 11.5 9.0 12.5 10.0 13.0 11.5 7.5 7.5 8.0 11.5 9.0 3.0 7.5 13.0 12.5 8.0 9.5 8.5 10.0 11.0 12.5 10.5 11.5 11.5 8.5 14.5 11.5 10.0 11.0 12.5 10.5 14.0 10.5 13.0 4.0 5.5 6.5 14.0 6.5 11.5 12.0 12.0 15.5 11.5 14.5 10.5 11.0 9.5 11.5 11.5 10.5 12.0 11.0 8.0 10.0 13.5 6.0 8.5
10.5 3.0 9.5 12.5 13.5 12.0 14.5 12.0 5.5 6.0 9.0 10.0 11.5 13.0 8.5 8.5 16.5 14.5 8.0 x 15.0 10.5 17.5 15.0 12.5 7.5 10.5 16.5 14.0 13.0 8.0 13.5 13.0 8.0 12.5 8.0 9.5 13.0 11.5 9.0 7.0 13.0 8.5 11.5 16.5 7.5 8.0 16.0 10.0 13.5 5.5 14.0 11.5 10.5 9.5 13.0 10.5 10.5 12.0 14.0 7.5 8.5 12.0 4.0 10.5 14.0 13.0 15.5 9.5 12.0 13.5 15.0 12.0 12.0 6.5 8.0 9.5 11.0 13.0 10.5 13.5 13.5 15.0 13.0 17.5 14.0 13.0 13.0 13.0 9.5 14.0 13.0 13.0 14.0 14.0 13.0 12.0 10.5 12.0 9.5
16.5 13.0 6.0 16.5 16.5 13.5 12.5 9.5 13.5 12.5 15.0 14.5 17.0 9.5 9.5 10.0 5.0 12.5 11.5 15.0 x 15.0 12.5 19.0 14.5 11.5 8.5 15.0 12.5 10.5 13.5 13.0 10.0 14.5 12.5 10.5 14.5 8.5 14.0 11.5 13.0 13.0 14.0 8.5 11.5 10.0 19.0 15.5 18.5 11.5 13.0 15.0 9.5 11.5 13.5 14.0 12.0 11.5 17.0 17.5 17.0 12.5 12.5 11.0 12.0 15.0 16.0 12.0 13.5 11.0 18.0 10.5 11.5 15.5 8.5 16.5 15.0 11.0 5.0 10.5 15.0 13.5 9.5 9.5 6.0 12.5 12.0 15.0 13.0 11.5 7.0 6.0 15.0 11.5 17.0 14.0 13.0 14.0 16.0 13.5
5.5 11.5 10.5 12.5 11.5 11.0 8.5 6.0 9.0 14.5 11.5 14.5 14.0 13.5 15.0 12.5 14.5 14.5 11.5 10.5 15.0 x 11.5 5.0 11.0 12.5 14.0 14.5 14.5 17.5 10.5 12.5 7.0 13.5 6.5 15.0 10.0 16.5 8.5 12.5 13.0 16.0 13.5 13.5 13.5 15.5 13.5 15.0 12.5 12.5 12.5 12.5 6.5 14.0 8.0 8.0 15.0 12.5 8.5 12.0 11.5 8.5 10.0 10.5 4.0 11.0 9.0 13.5 10.5 10.5 11.5 10.0 12.0 12.5 7.5 3.0 15.0 11.5 10.5 16.0 14.5 10.5 14.0 12.5 16.5 16.0 11.0 14.0 10.0 13.5 9.0 14.5 16.5 15.0 9.0 14.5 10.5 5.5 12.0 10.5
14.5 15.5 14.5 14.5 12.5 12.5 10.0 12.5 16.5 14.5 14.5 12.5 14.5 14.5 14.5 13.5 16.5 9.5 14.5 17.5 12.5 11.5 x 12.0 10.5 10.5 12.0 12.5 11.5 18.0 14.5 14.5 5.0 10.5 15.5 19.0 12.5 13.5 6.0 13.5 10.5 15.5 16.5 11.5 18.0 16.5 18.0 12.5 16.0 13.0 16.5 14.0 10.5 14.5 13.0 15.5 7.5 12.0 15.5 9.5 16.5 16.0 13.5 14.5 13.0 8.5 13.0 17.0 11.5 13.5 15.5 14.0 9.5 13.5 11.5 11.5 15.0 9.5 13.5 13.5 13.0 8.5 3.0 11.5 6.5 14.5 17.0 14.5 14.0 15.0 13.0 14.0 9.0 12.5 18.0 12.0 13.5 14.0 12.0 8.5
10.0 14.5 15.0 11.5 12.5 12.5 13.0 10.5 13.5 9.5 16.0 11.5 14.5 18.0 14.5 9.5 18.0 13.5 15.5 15.0 19.0 5.0 12.0 x 10.5 17.0 17.0 13.5 16.0 18.5 14.5 16.5 11.5 14.5 11.0 19.5 8.5 16.5 13.0 14.5 11.5 16.5 17.5 15.5 13.5 14.5 13.5 11.5 11.0 8.0 17.0 14.0 11.0 14.5 12.5 11.5 17.0 12.5 13.0 15.0 16.0 8.5 13.5 14.0 8.5 15.5 13.5 16.5 6.0 13.0 16.0 14.5 11.0 11.0 12.0 7.5 15.5 16.0 15.0 15.0 14.0 15.0 14.5 15.5 16.5 14.5 15.5 17.5 9.0 15.0 13.5 13.5 18.5 10.5 13.5 12.5 15.0 6.0 15.5 8.5
5.5 10.0 12.5 11.5 6.5 7.5 10.0 12.0 7.5 11.5 6.5 6.5 4.0 13.0 6.0 9.5 11.5 12.5 5.0 12.5 14.5 11.0 10.5 10.5 x 9.0 7.5 10.5 11.5 10.5 10.0 12.5 6.0 13.5 14.5 10.0 12.5 11.5 11.5 5.0 9.5 8.0 13.5 7.5 8.0 10.5 11.5 6.5 6.0 3.0 11.5 10.0 11.5 7.5 3.0 8.0 11.0 8.5 10.5 7.5 6.5 8.5 12.0 8.5 13.5 12.0 4.0 13.5 12.5 5.5 6.5 8.5 10.5 10.5 11.0 8.0 8.5 10.0 10.5 10.0 11.0 7.0 13.0 9.0 11.5 10.0 11.0 15.0 10.5 5.0 14.0 8.5 9.5 7.5 9.5 7.5 5.5 10.5 10.0 9.5
14.0 5.0 15.0 17.0 13.5 14.0 13.5 11.5 7.5 13.0 15.0 13.5 12.5 13.5 10.5 15.5 16.5 17.0 8.5 7.5 11.5 12.5 10.5 17.0 9.0 x 6.0 14.0 16.0 15.0 10.0 18.5 6.0 15.0 16.5 10.0 14.5 14.5 16.0 11.0 12.5 15.0 15.0 13.5 13.5 9.5 8.0 15.0 12.0 11.5 7.5 16.0 13.5 11.0 11.5 13.5 16.0 12.5 16.5 16.0 9.5 10.5 14.0 10.0 14.0 18.5 12.5 16.0 12.5 14.0 15.0 17.0 17.5 14.5 12.5 15.0 11.5 8.5 7.0 16.0 14.5 9.5 13.0 17.5 16.5 16.0 16.0 13.5 15.0 13.5 16.0 16.0 15.0 13.5 15.5 15.0 14.0 13.0 14.0 9.5
12.0 8.0 10.5 12.0 14.0 10.0 11.5 8.5 5.5 13.0 14.0 14.0 11.0 10.5 8.5 15.0 12.5 15.5 3.0 10.5 8.5 14.0 12.0 17.0 7.5 6.0 x 14.0 15.0 15.5 8.0 18.5 8.0 15.5 13.5 13.0 10.5 11.5 11.0 9.0 12.0 13.0 13.5 11.5 10.5 10.5 13.5 13.0 10.0 10.0 10.5 12.5 11.5 5.5 10.0 14.5 14.5 10.5 12.0 11.0 9.0 13.5 15.0 10.5 11.5 13.5 11.0 13.0 13.0 12.5 13.5 15.0 13.0 13.0 7.5 11.5 6.5 3.0 4.0 12.5 9.0 11.5 9.5 14.0 13.0 14.0 13.0 8.0 13.5 12.0 14.0 14.0 13.0 10.5 13.5 10.5 12.5 14.0 8.5 11.0
10.5 14.5 14.5 12.5 9.5 13.5 11.5 14.0 13.5 11.5 9.5 14.5 12.0 13.0 12.5 11.5 16.5 8.5 11.5 16.5 15.0 14.5 12.5 13.5 10.5 14.0 14.0 x 13.5 15.0 14.5 10.0 14.5 11.5 9.5 13.5 9.5 14.5 6.5 11.5 11.0 12.5 9.0 10.0 15.5 11.5 16.5 13.0 15.0 13.0 15.5 15.0 11.0 14.0 13.0 13.0 13.0 17.5 9.5 3.0 16.5 16.5 8.5 13.5 12.0 9.0 6.5 15.5 8.0 12.5 9.0 14.5 10.0 12.0 12.0 12.0 8.5 16.5 17.0 14.0 13.5 14.0 15.0 12.0 15.5 14.5 15.5 18.5 14.5 14.5 13.5 12.5 16.0 12.5 15.0 9.5 15.0 14.5 5.5 10.5
11.5 11.5 10.5 10.5 13.5 5.5 8.0 10.5 10.5 12.5 10.5 13.5 8.5 11.0 14.5 10.5 15.5 12.5 13.0 14.0 12.5 14.5 11.5 16.0 11.5 16.0 15.0 13.5 x 11.5 12.5 12.0 11.0 10.5 12.5 11.5 8.5 9.5 9.5 6.5 12.5 12.5 13.5 4.0 12.5 11.5 15.5 12.5 10.5 12.5 9.0 3.0 8.5 11.0 9.5 9.5 7.5 12.5 12.0 13.0 11.5 12.0 9.5 10.5 11.0 11.0 11.0 13.5 11.0 6.5 10.5 11.5 6.0 5.5 8.0 14.5 14.5 12.5 15.0 11.5 11.5 11.5 12.0 14.0 11.5 9.0 12.5 14.5 8.0 16.0 11.0 6.5 3.0 15.5 7.0 8.5 12.0 13.0 12.0 11.0
14.0 10.5 9.5 11.5 11.0 9.5 12.0 13.5 10.5 12.5 7.5 13.5 10.0 6.0 7.5 9.5 15.5 11.5 13.0 13.0 10.5 17.5 18.0 18.5 10.5 15.0 15.5 15.0 11.5 x 13.0 17.5 14.5 13.5 16.5 10.5 11.5 7.5 12.5 7.0 11.0 3.0 13.5 7.5 15.0 13.5 18.5 14.5 15.0 10.5 8.0 12.0 11.5 11.0 11.5 15.5 11.0 15.0 12.5 12.5 13.5 12.5 12.5 10.5 14.0 13.0 11.5 8.5 13.0 8.5 14.0 9.5 9.5 13.5 12.0 16.5 12.5 16.5 12.0 9.5 9.0 15.5 15.5 13.0 12.5 11.5 8.5 18.5 12.5 13.0 9.0 5.0 14.0 14.0 16.0 6.5 12.0 15.0 10.0 13.0
11.5 5.5 8.5 13.5 13.5 9.0 11.5 9.5 3.0 13.5 14.0 13.5 14.0 12.0 11.0 13.5 15.5 14.0 5.5 8.0 13.5 10.5 14.5 14.5 10.0 10.0 8.0 14.5 12.5 13.0 x 13.5 15.5 15.5 9.5 10.5 11.5 10.5 8.5 6.5 13.0 11.5 11.5 9.0 10.5 10.0 13.0 10.5 7.5 12.5 8.0 9.5 4.0 8.0 8.5 8.5 12.5 3.0 12.0 12.0 10.0 11.0 7.5 10.5 6.5 11.0 11.0 14.5 14.0 11.0 13.5 7.5 11.0 8.5 10.0 12.0 9.0 10.5 12.0 15.5 11.5 15.0 17.0 12.0 15.5 6.5 14.5 15.5 6.0 14.5 6.5 11.5 10.5 14.0 11.0 10.5 10.0 9.5 11.0 13.5
7.5 16.5 13.0 14.5 10.0 14.5 17.0 16.5 15.5 12.0 16.5 14.5 16.0 15.5 10.5 14.5 17.5 17.0 16.5 13.5 13.0 12.5 14.5 16.5 12.5 18.5 18.5 10.0 12.0 17.5 13.5 x 13.0 15.5 16.0 17.5 12.5 16.5 11.5 13.5 7.0 15.0 10.5 14.5 12.5 13.5 10.5 9.0 16.0 12.5 15.5 11.5 11.5 14.0 10.0 5.0 12.5 11.0 15.0 12.5 13.5 12.5 14.0 15.0 14.0 14.0 9.5 17.0 12.5 12.5 7.0 13.0 15.0 10.5 15.5 10.0 18.0 16.0 15.0 10.5 17.0 16.5 12.0 9.5 15.5 12.5 13.0 18.5 7.5 16.0 14.0 15.0 14.5 16.0 18.5 14.0 12.5 12.5 15.0 9.5
11.0 10.5 13.5 11.5 7.5 10.5 7.5 10.0 13.0 10.5 10.0 7.5 9.5 15.0 10.5 10.5 14.5 14.0 10.5 13.0 10.0 7.0 5.0 11.5 6.0 6.0 8.0 14.5 11.0 14.5 15.5 13.0 x 15.0 13.0 15.5 9.5 13.0 10.5 10.5 6.5 12.0 16.5 11.5 13.5 13.5 13.5 12.0 11.5 8.5 13.0 11.5 13.0 9.5 8.5 10.5 12.0 14.0 15.0 13.0 12.0 12.0 10.5 13.5 10.5 13.0 9.5 16.5 6.5 8.5 12.0 11.5 12.0 9.0 10.5 9.5 12.0 6.0 12.0 10.0 13.0 4.0 7.5 14.5 11.0 12.5 13.5 12.5 11.5 10.5 15.5 14.0 13.5 11.0 15.0 13.0 9.0 12.0 14.5 4.0
13.5 10.5 14.5 13.5 14.5 10.5 13.0 15.5 13.0 13.5 12.5 12.5 15.0 16.0 12.5 10.5 18.5 14.5 15.5 8.0 14.5 13.5 10.5 14.5 13.5 15.0 15.5 11.5 10.5 13.5 15.5 15.5 15.0 x 15.5 14.5 13.5 11.5 9.5 9.5 8.5 14.5 15.5 6.5 12.0 11.5 15.5 12.5 17.5 13.0 11.5 8.0 13.5 14.0 11.5 14.5 3.0 15.5 15.0 9.0 15.0 6.0 14.5 11.5 16.0 6.5 12.5 18.5 14.0 9.0 15.0 14.0 11.0 10.5 12.0 11.5 14.5 14.5 17.0 12.0 11.0 16.0 7.5 12.0 11.0 14.0 15.0 8.0 13.0 12.5 11.5 9.0 13.0 16.0 15.0 13.5 14.0 8.5 11.5 11.0
11.5 14.0 9.5 13.5 13.5 14.0 11.5 8.5 11.5 13.5 13.5 15.5 15.5 13.0 16.5 15.0 8.0 12.5 14.5 12.5 12.5 6.5 15.5 11.0 14.5 16.5 13.5 9.5 12.5 16.5 9.5 16.0 13.0 15.5 x 14.0 11.0 16.0 10.5 14.5 15.0 16.5 12.5 12.5 12.5 14.5 15.5 15.5 9.5 12.0 11.5 11.5 5.5 15.0 14.0 12.0 16.0 12.0 13.5 7.0 17.5 14.0 9.0 9.5 3.0 13.0 10.5 12.5 13.5 13.0 13.0 9.0 12.5 12.0 6.5 8.5 12.5 11.0 13.0 17.0 16.0 14.5 17.5 13.0 18.0 15.5 13.0 13.0 9.0 12.5 8.0 13.5 15.0 15.5 6.0 13.5 11.5 11.0 9.5 15.0
13.5 5.5 5.0 8.5 13.0 12.5 12.5 9.5 8.0 13.5 10.5 14.5 13.0 7.0 11.0 16.0 15.0 15.5 10.5 8.0 10.5 15.0 19.0 19.5 10.0 10.0 13.0 13.5 11.5 10.5 10.5 17.5 15.5 14.5 14.0 x 11.0 15.5 13.0 11.5 11.5 13.0 10.5 13.0 16.5 10.0 15.5 16.0 12.5 12.5 3.0 13.5 13.5 9.5 11.5 13.0 11.5 10.5 16.0 11.0 9.0 11.0 9.5 5.5 11.0 10.5 11.5 9.5 13.5 14.0 14.0 16.0 12.5 13.5 7.5 15.5 11.5 12.0 13.5 15.0 6.0 15.5 16.0 8.5 16.0 14.0 9.5 14.0 12.0 11.0 16.0 15.0 14.0 11.5 16.0 15.0 14.0 13.5 13.5 14.0
10.5 11.5 10.5 3.0 7.5 8.5 11.0 13.5 13.5 7.0 10.5 14.0 13.0 12.0 11.5 6.5 14.5 5.0 12.0 9.5 14.5 10.0 12.5 8.5 12.5 14.5 10.5 9.5 8.5 11.5 11.5 12.5 9.5 13.5 11.0 11.0 x 12.5 6.5 10.5 8.5 9.5 10.5 7.5 10.5 11.5 11.5 10.5 11.5 10.5 8.5 5.5 9.5 9.0 11.5 8.5 11.0 10.5 12.5 7.0 13.0 9.0 6.5 6.0 12.0 9.0 9.5 13.5 3.0 10.0 12.0 13.0 3.0 3.0 8.5 12.0 11.0 8.0 14.0 10.5 5.5 13.0 11.5 12.0 8.5 6.5 9.5 14.5 5.5 11.5 12.0 10.0 11.0 7.5 15.0 5.5 13.0 11.5 9.0 5.5
11.5 10.5 13.5 13.5 9.0 10.5 13.0 12.5 8.0 10.5 13.0 6.0 10.5 13.5 12.5 7.5 13.5 9.5 10.5 13.0 8.5 16.5 13.5 16.5 11.5 14.5 11.5 14.5 9.5 7.5 10.5 16.5 13.0 11.5 16.0 15.5 12.5 x 8.0 8.5 11.5 10.0 11.5 5.5 14.5 12.5 15.0 8.0 12.5 8.5 13.0 12.0 11.5 13.0 9.0 14.0 9.0 13.0 14.0 11.5 12.5 14.0 14.0 12.5 14.0 10.5 11.5 15.5 11.0 8.0 14.0 7.5 10.0 12.5 11.0 13.5 14.0 14.0 8.0 7.5 13.0 9.5 13.5 13.5 10.5 9.5 14.0 17.5 12.0 7.0 10.5 3.0 12.0 13.0 14.0 12.5 10.0 16.0 14.0 12.5
8.5 14.0 8.5 9.5 10.5 11.5 12.5 10.5 11.5 12.5 8.5 8.5 11.0 9.0 8.5 13.0 14.5 9.5 12.5 11.5 14.0 8.5 6.0 13.0 11.5 16.0 11.0 6.5 9.5 12.5 8.5 11.5 10.5 9.5 10.5 13.0 6.5 8.0 x 11.5 5.0 10.5 10.5 8.5 13.5 12.5 13.5 7.0 15.5 10.5 11.5 8.5 5.0 11.5 11.0 10.5 6.5 11.0 10.5 4.0 14.5 10.5 7.5 8.5 7.5 3.0 7.5 11.5 9.0 11.0 10.0 8.5 4.0 9.0 6.0 6.0 9.5 10.5 13.0 8.0 7.5 12.0 8.5 6.0 9.5 10.5 11.5 12.5 8.5 14.0 7.5 10.5 12.0 7.0 16.0 6.5 11.0 8.5 6.5 7.5
8.5 6.5 10.5 11.5 7.5 3.0 5.5 8.0 4.0 11.5 11.0 10.0 8.5 8.5 8.5 9.5 14.5 12.5 6.5 9.0 11.5 12.5 13.5 14.5 5.0 11.0 9.0 11.5 6.5 7.0 6.5 13.5 10.5 9.5 14.5 11.5 10.5 8.5 11.5 x 10.5 9.0 12.5 3.0 10.5 10.5 14.0 11.0 8.5 7.5 9.0 5.5 9.5 5.0 7.5 8.5 6.5 9.0 6.0 8.5 11.0 6.0 11.5 9.0 12.0 10.0 5.0 11.0 9.5 5.5 7.5 10.5 7.5 8.0 8.5 11.0 10.0 11.5 12.5 10.5 8.5 9.0 11.0 13.0 13.0 11.5 11.0 15.0 6.0 9.5 11.5 5.5 9.0 12.0 11.5 10.0 10.0 8.5 9.5 10.0
12.5 9.5 13.0 10.5 6.5 8.0 10.5 13.0 12.0 9.5 13.0 7.5 12.0 13.5 4.0 9.5 16.0 12.5 10.0 7.0 13.0 13.0 10.5 11.5 9.5 12.5 12.0 11.0 12.5 11.0 13.0 7.0 6.5 8.5 15.0 11.5 8.5 11.5 5.0 10.5 x 8.5 15.0 9.5 15.0 10.5 14.5 11.5 11.0 11.0 9.0 10.0 9.5 7.5 10.5 9.5 6.0 11.0 12.5 8.5 12.5 6.0 9.5 10.5 12.0 7.5 9.0 16.0 5.5 7.5 11.5 12.0 8.5 11.0 10.5 10.5 11.5 12.0 8.5 4.0 11.0 10.0 10.5 10.5 14.0 14.5 12.5 11.5 12.0 10.0 11.5 8.5 15.0 10.0 14.5 11.0 12.0 8.5 9.0 3.0
11.5 10.5 12.0 11.5 13.5 11.5 13.0 10.5 9.0 12.5 5.0 12.0 7.5 8.5 5.0 9.5 17.0 14.0 11.0 13.0 13.0 16.0 15.5 16.5 8.0 15.0 13.0 12.5 12.5 3.0 11.5 15.0 12.0 14.5 16.5 13.0 9.5 10.0 10.5 9.0 8.5 x 11.0 8.5 12.5 10.5 16.5 12.5 13.5 8.5 10.5 11.5 13.5 8.5 8.5 14.0 12.0 14.0 11.5 10.5 12.0 14.0 10.0 9.5 16.0 10.5 11.5 11.0 12.0 6.0 14.0 12.0 6.5 10.5 12.0 14.0 10.5 14.5 9.5 12.0 11.5 14.5 16.0 15.5 12.0 14.0 11.0 18.5 13.0 10.5 11.5 7.5 13.0 13.0 17.0 4.0 10.5 16.5 7.5 10.5
8.5 10.5 8.5 13.5 13.5 15.0 15.5 14.5 9.0 10.0 9.5 14.0 12.0 12.0 15.5 12.5 17.5 12.5 11.5 8.5 14.0 13.5 16.5 17.5 13.5 15.0 13.5 9.0 13.5 13.5 11.5 10.5 16.5 15.5 12.5 10.5 10.5 11.5 10.5 12.5 15.0 11.0 x 11.5 13.5 14.5 11.5 8.0 13.5 11.5 7.5 12.5 12.5 12.0 10.5 6.0 14.0 9.5 13.5 7.0 13.0 15.5 12.5 5.0 9.5 13.0 10.5 14.5 13.0 13.0 13.0 13.5 13.0 9.5 6.0 11.0 12.5 10.5 17.0 13.5 15.5 14.0 17.0 11.0 16.5 6.0 12.5 12.5 8.5 10.5 15.0 9.0 11.5 13.5 17.0 13.5 13.0 13.5 10.0 12.5
8.5 9.0 8.5 10.5 10.0 5.5 8.0 10.5 6.5 9.5 13.0 11.5 11.0 11.0 11.0 6.5 12.0 9.5 9.0 11.5 8.5 13.5 11.5 15.5 7.5 13.5 11.5 10.0 4.0 7.5 9.0 14.5 11.5 6.5 12.5 13.0 7.5 5.5 8.5 3.0 9.5 8.5 11.5 x 11.5 7.5 14.5 12.5 11.0 8.5 11.5 6.5 10.5 7.5 5.5 9.5 4.0 11.0 8.5 11.0 9.0 8.5 8.5 8.5 9.5 7.5 7.5 13.5 10.0 3.0 10.0 7.5 5.0 9.0 6.0 11.0 12.5 10.5 13.0 7.5 8.0 11.5 8.5 12.0 11.0 9.5 9.0 12.5 7.0 12.0 10.5 3.0 6.5 13.0 9.0 7.5 8.0 11.0 11.0 7.5
10.5 14.0 15.5 12.5 12.5 12.5 14.5 11.5 13.5 14.5 8.0 14.0 10.5 13.5 11.5 12.5 8.0 10.0 12.5 16.5 11.5 13.5 18.0 13.5 8.0 13.5 10.5 15.5 12.5 15.0 10.5 12.5 13.5 12.0 12.5 16.5 10.5 14.5 13.5 10.5 15.0 12.5 13.5 11.5 x 10.5 13.5 14.0 13.5 10.5 15.5 10.5 8.5 10.0 10.5 7.5 14.5 13.0 16.0 13.5 14.0 16.0 12.0 12.5 10.0 13.5 9.5 16.0 13.0 13.0 7.0 12.0 13.0 7.5 13.5 13.0 16.0 13.0 7.0 17.0 13.5 14.5 16.5 12.0 17.0 11.0 16.0 18.0 5.0 12.5 11.0 14.0 15.5 13.5 17.0 14.0 13.0 15.5 16.0 14.0
10.5 5.0 15.0 13.5 13.5 10.0 12.5 11.5 7.5 11.5 14.5 10.5 13.5 13.5 10.5 8.5 14.5 14.5 10.0 7.5 10.0 15.5 16.5 14.5 10.5 9.5 10.5 11.5 11.5 13.5 10.0 13.5 13.5 11.5 14.5 10.0 11.5 12.5 12.5 10.5 10.5 10.5 14.5 7.5 10.5 x 14.5 15.5 12.0 13.0 7.5 11.5 9.5 12.5 7.5 8.5 9.0 12.5 15.5 9.0 9.5 10.5 13.0 10.0 12.0 12.5 12.5 15.5 12.0 5.0 15.0 13.0 12.0 8.5 12.5 13.0 11.5 13.0 7.0 7.0 15.0 14.0 13.5 13.0 14.5 12.0 16.0 18.0 6.0 11.0 12.0 10.0 13.5 10.0 15.5 14.0 10.0 13.0 11.5 9.5
8.5 10.5 14.5 11.0 12.5 15.5 18.0 17.5 10.5 12.5 16.5 17.5 15.5 16.5 16.0 12.5 15.5 12.5 13.0 8.0 19.0 13.5 18.0 13.5 11.5 8.0 13.5 16.5 15.5 18.5 13.0 10.5 13.5 15.5 15.5 15.5 11.5 15.0 13.5 14.0 14.5 16.5 11.5 14.5 13.5 14.5 x 17.5 6.0 14.0 13.0 12.5 11.5 15.5 11.0 6.0 18.0 14.5 16.0 13.5 13.0 10.5 8.0 11.5 14.0 16.0 10.5 19.0 9.0 13.5 8.0 15.0 10.0 11.5 14.0 10.5 16.5 16.0 14.5 18.0 13.5 17.0 19.0 10.5 15.5 15.0 14.0 18.5 8.5 16.0 14.0 17.0 18.0 13.5 9.5 12.5 13.5 8.0 16.0 11.5
12.0 15.0 13.5 12.5 13.0 12.5 15.0 17.0 12.5 16.5 13.0 7.5 10.5 15.0 12.5 14.5 16.5 14.5 11.5 16.0 15.5 15.0 12.5 11.5 6.5 15.0 13.0 13.0 12.5 14.5 10.5 9.0 12.0 12.5 15.5 16.0 10.5 8.0 7.0 11.0 11.5 12.5 8.0 12.5 14.0 15.5 17.5 x 12.0 4.0 15.0 10.5 11.5 12.0 9.0 12.5 10.0 7.5 15.5 10.5 12.5 14.5 14.0 12.5 14.0 9.5 10.0 14.5 13.0 11.5 12.5 11.5 10.5 7.5 12.5 12.5 11.5 15.5 13.5 11.0 14.0 11.0 14.5 12.5 16.0 4.0 17.0 19.0 10.0 11.0 14.0 9.5 9.5 8.5 15.5 8.5 11.5 14.0 11.5 14.0
11.0 7.5 14.5 11.5 7.0 11.0 13.5 16.0 5.0 14.0 12.0 12.0 9.5 11.0 11.5 15.0 17.0 7.0 7.5 10.0 18.5 12.5 16.0 11.0 6.0 12.0 10.0 15.0 10.5 15.0 7.5 16.0 11.5 17.5 9.5 12.5 11.5 12.5 15.5 8.5 11.0 13.5 13.5 11.0 13.5 12.0 6.0 12.0 x 8.5 10.0 13.0 11.0 10.0 8.5 11.5 14.5 10.0 14.0 12.5 10.0 13.0 13.5 12.5 12.0 17.5 9.5 13.5 13.0 11.0 12.0 12.5 14.0 14.0 12.5 13.5 11.0 12.5 13.5 14.5 13.5 12.5 13.5 14.5 17.0 13.5 13.5 17.5 13.0 10.5 13.5 13.5 12.5 13.0 4.0 12.5 11.0 13.5 13.0 10.5
8.0 12.5 12.0 12.5 9.0 10.0 11.0 13.5 10.0 13.5 9.0 4.0 6.5 11.5 8.5 10.5 12.5 12.5 7.5 13.5 11.5 12.5 13.0 8.0 3.0 11.5 10.0 13.0 12.5 10.5 12.5 12.5 8.5 13.0 12.0 12.5 10.5 8.5 10.5 7.5 11.0 8.5 11.5 8.5 10.5 13.0 14.0 4.0 8.5 x 14.0 12.5 11.5 10.0 5.5 10.5 12.0 11.0 11.5 10.0 9.0 11.0 11.5 11.0 14.0 9.5 6.5 10.5 9.5 8.0 9.0 8.0 7.5 11.0 13.5 10.5 8.0 12.5 10.0 7.5 10.5 7.5 15.5 11.5 13.0 7.5 13.5 17.5 13.0 7.5 13.5 6.0 12.0 5.0 12.0 5.0 8.0 13.0 8.0 12.0
11.5 3.0 7.5 11.0 11.5 12.0 9.5 7.0 5.5 11.0 8.0 15.0 10.5 9.5 8.5 13.5 14.5 13.5 8.0 5.5 13.0 12.5 16.5 17.0 11.5 7.5 10.5 15.5 9.0 8.0 8.0 15.5 13.0 11.5 11.5 3.0 8.5 13.0 11.5 9.0 9.0 10.5 7.5 11.5 15.5 7.5 13.0 15.0 10.0 14.0 x 11.0 10.5 10.5 8.5 13.0 9.0 10.5 14.5 12.5 6.0 8.5 7.0 3.0 9.5 12.5 9.0 12.0 11.0 11.0 11.5 14.0 10.5 11.0 5.5 13.0 9.5 10.0 11.5 12.5 8.5 13.0 13.5 11.0 16.0 13.0 12.0 12.0 13.0 8.5 13.0 12.5 11.5 14.0 13.5 13.0 11.0 11.0 12.0 11.5
9.5 12.0 12.0 8.5 12.5 3.0 6.0 8.0 9.0 11.5 8.0 13.0 10.5 8.5 13.5 12.0 16.5 10.5 11.5 14.0 15.0 12.5 14.0 14.0 10.0 16.0 12.5 15.0 3.0 12.0 9.5 11.5 11.5 8.0 11.5 13.5 5.5 12.0 8.5 5.5 10.0 11.5 12.5 6.5 10.5 11.5 12.5 10.5 13.0 12.5 11.0 x 6.0 10.0 10.0 7.0 7.0 10.5 11.0 12.0 13.5 11.0 8.5 11.0 8.5 10.5 9.5 11.0 8.0 9.0 8.0 9.5 5.0 3.0 10.5 12.0 13.5 13.0 12.5 13.5 10.5 9.5 11.5 11.5 10.5 6.5 11.0 15.5 5.5 14.5 8.5 9.0 5.5 12.5 9.5 7.5 12.0 13.5 11.0 10.5
9.5 9.0 9.5 11.5 9.5 8.5 8.5 6.0 6.5 13.5 11.5 13.0 14.0 13.0 13.0 11.5 11.5 14.0 9.0 11.5 9.5 6.5 10.5 11.0 11.5 13.5 11.5 11.0 8.5 11.5 4.0 11.5 13.0 13.5 5.5 13.5 9.5 11.5 5.0 9.5 9.5 13.5 12.5 10.5 8.5 9.5 11.5 11.5 11.0 11.5 10.5 6.0 x 11.5 9.5 6.5 11.0 6.5 14.5 8.5 13.0 8.5 4.0 9.5 3.0 7.5 12.0 12.5 12.0 12.0 13.5 4.0 7.5 6.5 6.5 8.5 12.5 11.0 10.5 12.0 12.0 12.0 13.0 10.5 13.0 10.0 13.0 13.0 4.0 12.5 3.0 8.5 11.0 11.5 11.0 10.0 6.5 11.0 11.0 10.0
13.0 8.0 6.0 6.5 9.5 7.5 10.0 12.5 5.5 12.5 13.0 13.5 11.0 9.5 4.0 12.5 16.0 13.5 3.0 10.5 11.5 14.0 14.5 14.5 7.5 11.0 5.5 14.0 11.0 11.0 8.0 14.0 9.5 14.0 15.0 9.5 9.0 13.0 11.5 5.0 7.5 8.5 12.0 7.5 10.0 12.5 15.5 12.0 10.0 10.0 10.5 10.0 11.5 x 10.0 12.5 11.0 10.5 11.0 11.0 11.5 11.0 12.5 11.0 12.0 8.5 9.5 12.0 8.5 10.0 12.0 14.5 11.5 11.5 8.5 15.0 6.5 8.0 8.5 11.0 4.0 13.0 14.5 9.5 17.0 14.0 12.0 13.0 10.5 9.5 14.0 10.0 13.0 9.5 13.5 10.5 12.5 12.5 8.5 6.0
3.0 8.5 11.5 13.5 8.5 10.0 12.5 13.5 10.0 9.5 8.5 9.0 6.5 11.0 8.5 6.5 14.0 14.5 7.5 9.5 13.5 8.0 13.0 12.5 3.0 11.5 10.0 13.0 9.5 11.5 8.5 10.0 8.5 11.5 14.0 11.5 11.5 9.0 11.0 7.5 10.5 8.5 10.5 5.5 10.5 7.5 11.0 9.0 8.5 5.5 8.5 10.0 9.5 10.0 x 5.5 9.0 6.0 10.5 10.0 4.0 6.0 9.5 6.0 11.0 12.5 6.5 13.5 10.0 3.0 9.0 5.5 10.0 11.0 8.5 5.5 11.0 12.5 13.0 12.5 11.5 9.5 12.5 10.0 9.0 9.5 8.5 15.0 8.0 7.5 11.5 8.0 11.5 10.0 12.0 10.0 3.0 8.0 12.5 7.5
3.0 13.5 8.5 10.5 9.0 9.5 12.0 12.5 11.5 13.5 11.5 14.5 12.0 11.0 13.0 10.5 15.5 12.5 13.0 13.0 14.0 8.0 15.5 11.5 8.0 13.5 14.5 13.0 9.5 15.5 8.5 5.0 10.5 14.5 12.0 13.0 8.5 14.0 10.5 8.5 9.5 14.0 6.0 9.5 7.5 8.5 6.0 12.5 11.5 10.5 13.0 7.0 6.5 12.5 5.5 x 13.0 11.0 10.5 10.0 9.0 10.0 9.5 10.5 9.0 10.5 6.5 13.5 9.5 8.0 9.0 10.0 11.0 5.5 11.0 5.5 15.5 14.0 14.0 12.5 13.5 14.0 16.5 5.0 14.0 9.0 8.5 15.5 3.0 12.0 9.0 12.0 12.0 11.5 15.0 12.0 8.0 8.0 12.5 7.0
12.0 11.5 12.0 11.5 12.0 9.0 11.5 14.0 10.0 10.5 9.5 9.5 12.0 14.5 9.5 8.0 15.5 11.5 12.5 10.5 12.0 15.0 7.5 17.0 11.0 16.0 14.5 13.0 7.5 11.0 12.5 12.5 12.0 3.0 16.0 11.5 11.0 9.0 6.5 6.5 6.0 12.0 14.0 4.0 14.5 9.0 18.0 10.0 14.5 12.0 9.0 7.0 11.0 11.0 9.0 13.0 x 13.5 12.0 10.0 12.5 8.5 12.0 11.5 13.0 4.0 11.0 17.0 11.0 6.5 13.5 11.0 8.5 9.5 9.5 12.0 14.5 11.5 14.0 9.5 8.5 13.0 5.0 9.5 8.5 13.0 12.5 10.5 10.5 10.0 13.5 6.5 10.0 13.0 12.5 11.0 11.5 11.0 12.5 8.5
8.5 8.0 6.0 12.5 14.0 12.0 14.0 12.0 5.5 15.0 14.0 11.0 12.0 9.5 13.5 12.0 16.0 14.5 8.0 10.5 11.5 12.5 12.0 12.5 8.5 12.5 10.5 17.5 12.5 15.0 3.0 11.0 14.0 15.5 12.0 10.5 10.5 13.0 11.0 9.0 11.0 14.0 9.5 11.0 13.0 12.5 14.5 7.5 10.0 11.0 10.5 10.5 6.5 10.5 6.0 11.0 13.5 x 14.5 14.5 9.5 9.5 10.0 11.0 9.0 10.0 12.0 12.0 13.0 8.5 14.5 10.0 13.0 7.5 8.5 9.5 11.5 13.0 14.0 14.5 14.0 14.5 14.5 9.5 14.5 4.0 12.0 15.0 8.5 13.0 9.0 10.5 9.5 11.5 13.5 13.0 8.5 7.0 13.5 13.0
8.0 12.0 16.0 14.5 13.0 8.5 11.0 13.5 9.5 13.5 9.5 11.5 7.0 14.0 10.5 15.0 16.5 12.5 9.5 12.0 17.0 8.5 15.5 13.0 10.5 16.5 12.0 9.5 12.0 12.5 12.0 15.0 15.0 15.0 13.5 16.0 12.5 14.0 10.5 6.0 12.5 11.5 13.5 8.5 16.0 15.5 16.0 15.5 14.0 11.5 14.5 11.0 14.5 11.0 10.5 10.5 12.0 14.5 x 6.5 14.0 11.5 12.0 14.0 11.5 13.0 10.0 16.5 15.0 11.0 12.5 15.5 10.5 13.5 14.0 6.0 6.5 15.0 15.0 15.0 12.0 14.0 16.5 15.0 16.0 17.0 13.5 19.5 11.5 10.0 17.0 11.0 12.5 15.0 17.0 7.5 13.0 8.5 4.0 15.0
7.5 12.5 12.0 9.5 6.5 11.5 9.0 11.5 11.5 12.5 7.0 12.0 9.5 12.5 9.5 13.0 13.5 6.0 8.5 14.0 17.5 12.0 9.5 15.0 7.5 16.0 11.0 3.0 13.0 12.5 12.0 12.5 13.0 9.0 7.0 11.0 7.0 11.5 4.0 8.5 8.5 10.5 7.0 11.0 13.5 9.0 13.5 10.5 12.5 10.0 12.5 12.0 8.5 11.0 10.0 10.0 10.0 14.5 6.5 x 13.5 14.0 6.0 11.5 9.5 6.5 4.0 15.0 9.5 12.5 6.5 12.0 7.5 9.5 9.5 9.5 5.5 13.5 14.0 11.5 11.0 11.5 12.0 9.5 13.0 12.5 13.0 16.0 12.0 12.0 11.0 12.5 15.0 10.5 12.5 6.5 12.0 12.0 3.0 10.0
6.5 5.0 13.0 10.5 12.0 13.5 15.0 12.5 7.5 13.0 12.0 12.5 10.0 10.0 10.5 10.0 17.5 16.5 10.0 7.5 17.0 11.5 16.5 16.0 6.5 9.5 9.0 16.5 11.5 13.5 10.0 13.5 12.0 15.0 17.5 9.0 13.0 12.5 14.5 11.0 12.5 12.0 13.0 9.0 14.0 9.5 13.0 12.5 10.0 9.0 6.0 13.5 13.0 11.5 4.0 9.0 12.5 9.5 14.0 13.5 x 9.5 12.5 8.5 14.5 12.5 10.0 10.0 13.5 6.5 12.5 9.0 13.5 13.0 11.0 9.0 11.5 11.5 12.5 9.0 8.0 13.0 16.0 13.5 12.5 13.0 12.0 16.5 11.5 11.0 15.0 11.5 9.0 13.5 13.5 13.5 6.5 11.5 14.0 11.0
8.5 6.0 15.5 11.5 12.0 8.5 9.0 11.5 8.5 14.0 14.0 13.0 12.0 14.0 9.5 12.0 17.5 13.5 11.0 8.5 12.5 8.5 16.0 8.5 8.5 10.5 13.5 16.5 12.0 12.5 11.0 12.5 12.0 6.0 14.0 11.0 9.0 14.0 10.5 6.0 6.0 14.0 15.5 8.5 16.0 10.5 10.5 14.5 13.0 11.0 8.5 11.0 8.5 11.0 6.0 10.0 8.5 9.5 11.5 14.0 9.5 x 10.5 11.0 11.0 12.0 10.5 16.5 11.0 8.5 13.0 11.0 11.5 11.5 13.5 5.5 12.5 14.0 14.0 9.5 11.5 12.5 13.0 14.5 14.5 13.0 14.0 13.5 11.5 13.0 6.0 11.0 14.5 15.5 16.5 14.0 8.5 3.0 14.5 8.5
7.0 9.5 11.5 9.5 10.5 11.5 12.0 9.5 10.0 12.5 12.5 14.5 15.0 15.0 13.5 13.0 8.0 11.5 12.5 12.0 12.5 10.0 13.5 13.5 12.0 14.0 15.0 8.5 9.5 12.5 7.5 14.0 10.5 14.5 9.0 9.5 6.5 14.0 7.5 11.5 9.5 10.0 12.5 8.5 12.0 13.0 8.0 14.0 13.5 11.5 7.0 8.5 4.0 12.5 9.5 9.5 12.0 10.0 12.0 6.0 12.5 10.5 x 9.5 6.5 10.0 9.5 16.0 9.0 11.0 12.0 7.5 4.0 9.0 10.0 9.5 11.0 14.0 14.0 13.0 11.5 14.0 13.5 13.0 9.5 12.5 12.5 11.0 7.5 14.5 6.5 11.0 12.0 13.5 14.5 6.5 10.0 8.0 8.5 7.0
8.5 5.5 5.5 8.5 10.0 11.5 12.0 9.5 8.0 9.5 5.0 12.0 7.5 9.0 11.0 12.0 12.5 10.5 10.5 4.0 11.0 10.5 14.5 14.0 8.5 10.0 10.5 13.5 10.5 10.5 10.5 15.0 13.5 11.5 9.5 5.5 6.0 12.5 8.5 9.0 10.5 9.5 5.0 8.5 12.5 10.0 11.5 12.5 12.5 11.0 3.0 11.0 9.5 11.0 6.0 10.5 11.5 11.0 14.0 11.5 8.5 11.0 9.5 x 6.5 10.5 11.5 11.5 8.5 8.5 14.0 11.0 8.5 8.5 3.0 11.0 12.0 7.5 14.0 14.0 11.0 15.0 14.0 9.0 14.0 10.5 9.5 9.5 11.0 6.0 12.0 11.0 13.0 13.0 15.0 11.0 8.5 13.5 14.0 11.0
8.5 11.5 6.5 14.0 12.0 11.0 8.5 6.0 9.0 11.0 11.5 15.5 12.5 10.0 15.0 12.5 10.5 15.0 11.5 10.5 12.0 4.0 13.0 8.5 13.5 14.0 11.5 12.0 11.0 14.0 6.5 14.0 10.5 16.0 3.0 11.0 12.0 14.0 7.5 12.0 12.0 16.0 9.5 9.5 10.0 12.0 14.0 14.0 12.0 14.0 9.5 8.5 3.0 12.0 11.0 9.0 13.0 9.0 11.5 9.5 14.5 11.0 6.5 6.5 x 10.0 12.0 10.0 14.0 12.0 14.5 6.5 10.0 9.0 4.0 6.0 14.5 8.5 10.5 14.5 14.5 12.0 15.0 10.0 15.5 12.5 10.5 10.5 6.5 10.0 5.5 11.0 13.5 14.0 8.5 12.5 9.0 8.5 12.0 12.5
11.0 15.0 9.5 7.5 12.0 12.5 13.0 11.5 13.5 14.0 6.0 6.0 8.5 11.5 11.0 11.5 17.0 12.0 11.5 14.0 15.0 11.0 8.5 15.5 12.0 18.5 13.5 9.0 11.0 13.0 11.0 14.0 13.0 6.5 13.0 10.5 9.0 10.5 3.0 10.0 7.5 10.5 13.0 7.5 13.5 12.5 16.0 9.5 17.5 9.5 12.5 10.5 7.5 8.5 12.5 10.5 4.0 10.0 13.0 6.5 12.5 12.0 10.0 10.5 10.0 x 10.0 14.0 11.5 10.0 12.5 11.0 6.5 11.5 8.5 8.5 10.5 13.0 15.5 9.5 5.0 9.5 8.5 6.0 12.0 13.0 14.0 14.0 11.0 13.5 10.0 10.0 13.5 9.5 16.0 9.0 11.5 11.0 9.0 10.0
4.0 11.0 15.0 7.5 3.0 7.5 10.0 12.5 8.5 10.5 10.0 10.0 7.5 12.0 9.5 13.0 15.0 9.5 8.5 13.0 16.0 9.0 13.0 13.5 4.0 12.5 11.0 6.5 11.0 11.5 11.0 9.5 9.5 12.5 10.5 11.5 9.5 11.5 7.5 5.0 9.0 11.5 10.5 7.5 9.5 12.5 10.5 10.0 9.5 6.5 9.0 9.5 12.0 9.5 6.5 6.5 11.0 12.0 10.0 4.0 10.0 10.5 9.5 11.5 12.0 10.0 x 14.5 9.0 9.0 3.0 8.5 11.0 7.0 13.0 6.5 9.0 13.5 14.0 12.5 10.0 8.0 15.5 11.0 15.0 10.5 9.5 14.5 9.0 8.5 14.5 10.0 13.0 11.0 13.0 10.0 8.5 9.0 6.5 6.5
11.0 14.5 6.5 12.0 16.5 8.5 11.0 13.5 14.5 14.5 14.0 10.5 15.0 3.0 14.0 12.5 13.5 17.5 14.5 15.5 12.0 13.5 17.0 16.5 13.5 16.0 13.0 15.5 13.5 8.5 14.5 17.0 16.5 18.5 12.5 9.5 13.5 15.5 11.5 11.0 16.0 11.0 14.5 13.5 16.0 15.5 19.0 14.5 13.5 10.5 12.0 11.0 12.5 12.0 13.5 13.5 17.0 12.0 16.5 15.0 10.0 16.5 16.0 11.5 10.0 14.0 14.5 x 10.5 16.0 17.0 16.0 14.0 13.5 9.0 13.5 14.5 13.5 9.5 14.0 11.5 14.0 18.5 10.0 17.5 13.5 5.5 15.5 14.5 14.5 15.0 13.0 16.0 6.0 17.0 14.5 16.0 16.0 17.0 13.0
12.5 12.0 13.0 5.5 6.5 7.0 9.5 10.5 13.0 4.0 13.0 13.0 15.5 12.5 9.5 4.0 13.0 7.5 11.5 9.5 13.5 10.5 11.5 6.0 12.5 12.5 13.0 8.0 11.0 13.0 14.0 12.5 6.5 14.0 13.5 13.5 3.0 11.0 9.0 9.5 5.5 12.0 13.0 10.0 13.0 12.0 9.0 13.0 13.0 9.5 11.0 8.0 12.0 8.5 10.0 9.5 11.0 13.0 15.0 9.5 13.5 11.0 9.0 8.5 14.0 11.5 9.0 10.5 x 7.5 11.5 12.0 5.5 5.5 11.0 13.0 10.5 10.5 11.5 9.0 8.0 10.0 13.5 10.0 11.0 9.0 12.0 11.5 8.0 14.0 13.0 8.5 13.0 5.0 16.5 8.0 12.0 11.5 11.5 3.0
5.5 9.5 11.0 13.0 8.5 8.0 10.5 10.5 9.0 6.5 10.5 11.5 9.0 13.5 10.5 4.0 14.5 12.0 10.0 12.0 11.0 10.5 13.5 13.0 5.5 14.0 12.5 12.5 6.5 8.5 11.0 12.5 8.5 9.0 13.0 14.0 10.0 8.0 11.0 5.5 7.5 6.0 13.0 3.0 13.0 5.0 13.5 11.5 11.0 8.0 11.0 9.0 12.0 10.0 3.0 8.0 6.5 8.5 11.0 12.5 6.5 8.5 11.0 8.5 12.0 10.0 9.0 16.0 7.5 x 11.5 8.0 7.5 11.5 8.5 8.0 13.0 13.0 11.5 10.0 10.5 12.0 11.0 12.5 10.0 12.0 11.0 13.5 10.0 10.0 12.0 5.5 9.0 12.0 11.5 9.5 5.5 10.5 13.0 5.0
6.5 13.5 17.5 10.0 5.5 10.0 12.5 15.0 11.0 8.0 12.5 12.5 10.0 14.5 12.0 10.5 14.5 12.0 11.0 13.5 18.0 11.5 15.5 16.0 6.5 15.0 13.5 9.0 10.5 14.0 13.5 7.0 12.0 15.0 13.0 14.0 12.0 14.0 10.0 7.5 11.5 14.0 13.0 10.0 7.0 15.0 8.0 12.5 12.0 9.0 11.5 8.0 13.5 12.0 9.0 9.0 13.5 14.5 12.5 6.5 12.5 13.0 12.0 14.0 14.5 12.5 3.0 17.0 11.5 11.5 x 11.0 12.5 9.5 15.5 9.0 11.5 16.0 13.5 15.0 12.5 10.5 18.0 13.5 17.5 13.0 12.0 17.0 11.5 11.0 12.0 12.5 13.0 13.5 15.5 12.5 11.0 11.5 9.0 9.0
8.5 12.5 13.0 10.5 6.0 12.0 12.0 9.5 10.0 12.5 8.5 11.5 11.0 15.5 14.0 9.5 15.0 11.5 12.5 15.0 10.5 10.0 14.0 14.5 8.5 17.0 15.0 14.5 11.5 9.5 7.5 13.0 11.5 14.0 9.0 16.0 13.0 7.5 8.5 10.5 12.0 12.0 13.5 7.5 12.0 13.0 15.0 11.5 12.5 8.0 14.0 9.5 4.0 14.5 5.5 10.0 11.0 10.0 15.5 12.0 9.0 11.0 7.5 11.0 6.5 11.0 8.5 16.0 12.0 8.0 11.0 x 11.0 10.0 10.0 10.5 15.5 14.0 14.0 9.5 13.0 14.5 15.5 13.5 12.5 11.5 13.5 16.5 7.5 12.5 6.5 5.0 13.5 12.5 14.5 12.5 3.0 13.0 14.5 9.5
10.5 13.0 8.0 5.5 10.0 7.5 10.0 12.5 10.5 9.5 11.5 11.5 14.0 11.5 11.5 9.0 11.5 7.5 10.5 12.0 11.5 12.0 9.5 11.0 10.5 17.5 13.0 10.0 6.0 9.5 11.0 15.0 12.0 11.0 12.5 12.5 3.0 10.0 4.0 7.5 8.5 6.5 13.0 5.0 13.0 12.0 10.0 10.5 14.0 7.5 10.5 5.0 7.5 11.5 10.0 11.0 8.5 13.0 10.5 7.5 13.5 11.5 4.0 8.5 10.0 6.5 11.0 14.0 5.5 7.5 12.5 11.0 x 5.5 9.5 9.5 9.5 10.5 15.5 11.5 8.0 13.5 9.5 9.5 6.0 9.0 12.0 14.5 8.0 14.0 10.0 7.5 8.5 10.0 12.5 3.0 12.5 11.5 6.5 8.0
8.5 13.5 13.0 5.5 9.5 5.5 8.0 10.5 11.5 9.5 10.5 15.0 13.0 11.0 14.0 9.0 15.5 7.5 14.0 12.0 15.5 12.5 13.5 11.0 10.5 14.5 13.0 12.0 5.5 13.5 8.5 10.5 9.0 10.5 12.0 13.5 3.0 12.5 9.0 8.0 11.0 10.5 9.5 9.0 7.5 8.5 11.5 7.5 14.0 11.0 11.0 3.0 6.5 11.5 11.0 5.5 9.5 7.5 13.5 9.5 13.0 11.5 9.0 8.5 9.0 11.5 7.0 13.5 5.5 11.5 9.5 10.0 5.5 x 11.0 10.5 13.5 10.5 14.0 13.0 8.0 11.5 14.0 10.0 11.0 4.0 12.0 16.5 3.0 14.0 9.0 10.0 8.0 10.0 12.0 7.0 11.5 13.0 10.5 8.0
11.0 8.0 3.0 11.0 12.5 11.0 12.0 9.5 8.0 12.0 7.5 14.0 9.0 6.5 12.0 12.0 13.0 13.0 10.5 6.5 8.5 7.5 11.5 12.0 11.0 12.5 7.5 12.0 8.0 12.0 10.0 15.5 10.5 12.0 6.5 7.5 8.5 11.0 6.0 8.5 10.5 12.0 6.0 6.0 13.5 12.5 14.0 12.5 12.5 13.5 5.5 10.5 6.5 8.5 8.5 11.0 9.5 8.5 14.0 9.5 11.0 13.5 10.0 3.0 4.0 8.5 13.0 9.0 11.0 8.5 15.5 10.0 9.5 11.0 x 9.5 13.5 5.0 11.0 13.0 12.0 13.5 11.5 6.5 14.0 11.5 7.0 7.0 10.0 8.5 9.0 8.5 10.5 12.5 12.0 12.0 11.0 12.0 12.0 13.0
3.0 10.5 12.0 10.0 9.0 13.5 11.0 8.5 11.5 13.5 14.0 14.0 12.0 11.0 14.0 12.0 16.0 15.0 13.0 8.0 16.5 3.0 11.5 7.5 8.0 15.0 11.5 12.0 14.5 16.5 12.0 10.0 9.5 11.5 8.5 15.5 12.0 13.5 6.0 11.0 10.5 14.0 11.0 11.0 13.0 13.0 10.5 12.5 13.5 10.5 13.0 12.0 8.5 15.0 5.5 5.5 12.0 9.5 6.0 9.5 9.0 5.5 9.5 11.0 6.0 8.5 6.5 13.5 13.0 8.0 9.0 10.5 9.5 10.5 9.5 x 12.0 9.0 13.0 13.5 11.5 13.0 14.0 10.0 14.0 13.0 8.5 16.0 8.0 12.5 11.0 13.0 16.5 12.5 11.5 12.0 8.0 3.0 9.5 12.0
13.0 7.0 12.0 8.5 12.0 12.5 11.5 14.0 6.5 7.0 12.5 11.5 12.0 15.5 9.5 9.5 16.5 11.5 4.0 9.5 15.0 15.0 15.0 15.5 8.5 11.5 6.5 8.5 14.5 12.5 9.0 18.0 12.0 14.5 12.5 11.5 11.0 14.0 9.5 10.0 11.5 10.5 12.5 12.5 16.0 11.5 16.5 11.5 11.0 8.0 9.5 13.5 12.5 6.5 11.0 15.5 14.5 11.5 6.5 5.5 11.5 12.5 11.0 12.0 14.5 10.5 9.0 14.5 10.5 13.0 11.5 15.5 9.5 13.5 13.5 12.0 x 9.0 10.0 15.0 6.0 8.0 15.5 14.5 15.0 15.0 15.0 14.0 14.5 13.0 15.0 13.5 14.0 9.0 14.5 6.5 13.5 14.5 3.0 12.0
11.5 10.5 7.5 10.5 13.0 12.5 13.0 11.0 8.0 14.5 12.0 13.0 13.5 11.0 11.0 14.0 10.0 12.5 5.5 11.0 11.0 11.5 9.5 16.0 10.0 8.5 3.0 16.5 12.5 16.5 10.5 16.0 6.0 14.5 11.0 12.0 8.0 14.0 10.5 11.5 12.0 14.5 10.5 10.5 13.0 13.0 16.0 15.5 12.5 12.5 10.0 13.0 11.0 8.0 12.5 14.0 11.5 13.0 15.0 13.5 11.5 14.0 14.0 7.5 8.5 13.0 13.5 13.5 10.5 13.0 16.0 14.0 10.5 10.5 5.0 9.0 9.0 x 6.5 10.0 11.5 9.5 7.0 11.0 10.5 14.0 11.5 10.5 13.0 13.0 13.5 13.0 15.0 13.0 16.0 11.0 14.5 11.5 11.0 9.5
15.0 10.5 10.5 14.5 15.0 10.0 7.5 5.0 9.0 14.0 10.5 13.5 13.0 7.0 5.0 11.5 9.5 16.5 6.5 13.0 5.0 10.5 13.5 15.0 10.5 7.0 4.0 17.0 15.0 12.0 12.0 15.0 12.0 17.0 13.0 13.5 14.0 8.0 13.0 12.5 8.5 9.5 17.0 13.0 7.0 7.0 14.5 13.5 13.5 10.0 11.5 12.5 10.5 8.5 13.0 14.0 14.0 14.0 15.0 14.0 12.5 14.0 14.0 14.0 10.5 15.5 14.0 9.5 11.5 11.5 13.5 14.0 15.5 14.0 11.0 13.0 10.0 6.5 x 12.0 12.0 11.0 11.0 14.0 10.5 14.5 9.5 11.5 11.5 10.5 11.5 10.5 16.5 7.0 17.0 13.0 15.5 15.5 11.5 11.0
15.0 11.5 11.5 8.0 10.0 11.5 11.0 13.5 14.0 12.5 11.0 4.0 8.5 11.5 7.5 9.5 15.5 11.5 14.0 10.5 10.5 16.0 13.5 15.0 10.0 16.0 12.5 14.0 11.5 9.5 15.5 10.5 10.0 12.0 17.0 15.0 10.5 7.5 8.0 10.5 4.0 12.0 13.5 7.5 17.0 7.0 18.0 11.0 14.5 7.5 12.5 13.5 12.0 11.0 12.5 12.5 9.5 14.5 15.0 11.5 9.0 9.5 13.0 14.0 14.5 9.5 12.5 14.0 9.0 10.0 15.0 9.5 11.5 13.0 13.0 13.5 15.0 10.0 12.0 x 10.5 7.5 14.0 8.0 12.5 11.0 14.0 15.0 12.5 13.0 12.5 5.0 13.5 12.0 16.0 12.0 12.0 12.0 12.5 6.5
14.0 11.0 9.5 3.0 7.5 11.0 13.5 15.0 9.0 12.0 10.5 10.5 13.0 12.0 7.5 12.0 13.5 10.0 6.5 13.5 15.0 14.5 13.0 14.0 11.0 14.5 9.0 13.5 11.5 9.0 11.5 17.0 13.0 11.0 16.0 6.0 5.5 13.0 7.5 8.5 11.0 11.5 15.5 8.0 13.5 15.0 13.5 14.0 13.5 10.5 8.5 10.5 12.0 4.0 11.5 13.5 8.5 14.0 12.0 11.0 8.0 11.5 11.5 11.0 14.5 5.0 10.0 11.5 8.0 10.5 12.5 13.0 8.0 8.0 12.0 11.5 6.0 11.5 12.0 10.5 x 10.0 13.0 10.5 13.5 11.5 9.5 16.5 10.5 13.0 14.5 10.5 14.0 6.0 16.5 10.5 13.0 9.0 8.5 9.5
11.5 14.0 11.0 11.0 10.5 7.0 4.0 6.5 12.5 13.5 11.0 4.0 8.5 11.5 12.5 13.0 18.0 17.0 11.5 13.5 13.5 10.5 8.5 15.0 7.0 9.5 11.5 14.0 11.5 15.5 15.0 16.5 4.0 16.0 14.5 15.5 13.0 9.5 12.0 9.0 10.0 14.5 14.0 11.5 14.5 14.0 17.0 11.0 12.5 7.5 13.0 9.5 12.0 13.0 9.5 14.0 13.0 14.5 14.0 11.5 13.0 12.5 14.0 15.0 12.0 9.5 8.0 14.0 10.0 12.0 10.5 14.5 13.5 11.5 13.5 13.0 8.0 9.5 11.0 7.5 10.0 x 11.0 14.5 14.5 14.5 14.0 16.0 13.0 11.5 14.5 12.0 14.0 11.5 16.0 12.0 12.0 15.0 10.5 7.5
15.5 16.0 14.0 14.0 15.0 10.5 8.0 10.5 14.5 13.5 14.0 14.0 16.5 16.0 14.0 11.0 14.5 7.0 12.0 15.0 9.5 14.0 3.0 14.5 13.0 13.0 9.5 15.0 12.0 15.5 17.0 12.0 7.5 7.5 17.5 16.0 11.5 13.5 8.5 11.0 10.5 16.0 17.0 8.5 16.5 13.5 19.0 14.5 13.5 15.5 13.5 11.5 13.0 14.5 12.5 16.5 5.0 14.5 16.5 12.0 16.0 13.0 13.5 14.0 15.0 8.5 15.5 18.5 13.5 11.0 18.0 15.5 9.5 14.0 11.5 14.0 15.5 7.0 11.0 14.0 13.0 11.0 x 14.0 4.0 16.5 17.0 12.0 15.0 14.5 15.5 11.0 11.0 15.0 17.0 12.0 15.0 15.5 14.5 11.0
7.5 14.0 4.0 13.0 13.5 13.0 15.5 15.0 14.0 13.5 11.5 11.5 12.5 7.5 13.0 13.5 14.0 15.0 12.0 13.0 9.5 12.5 11.5 15.5 9.0 17.5 14.0 12.0 14.0 13.0 12.0 9.5 14.5 12.0 13.0 8.5 12.0 13.5 6.0 13.0 10.5 15.5 11.0 12.0 12.0 13.0 10.5 12.5 14.5 11.5 11.0 11.5 10.5 9.5 10.0 5.0 9.5 9.5 15.0 9.5 13.5 14.5 13.0 9.0 10.0 6.0 11.0 10.0 10.0 12.5 13.5 13.5 9.5 10.0 6.5 10.0 14.5 11.0 14.0 8.0 10.5 14.5 14.0 x 15.0 13.0 10.0 13.0 7.5 13.5 13.0 12.5 16.5 12.5 18.0 12.0 11.0 12.5 12.0 11.5
11.5 15.5 11.5 11.0 15.5 13.0 11.5 14.0 13.0 15.0 14.0 16.5 15.0 15.0 15.0 12.5 10.5 10.5 15.5 17.5 6.0 16.5 6.5 16.5 11.5 16.5 13.0 15.5 11.5 12.5 15.5 15.5 11.0 11.0 18.0 16.0 8.5 10.5 9.5 13.0 14.0 12.0 16.5 11.0 17.0 14.5 15.5 16.0 17.0 13.0 16.0 10.5 13.0 17.0 9.0 14.0 8.5 14.5 16.0 13.0 12.5 14.5 9.5 14.0 15.5 12.0 15.0 17.5 11.0 10.0 17.5 12.5 6.0 11.0 14.0 14.0 15.0 10.5 10.5 12.5 13.5 14.5 4.0 15.0 x 14.5 17.0 15.5 13.5 16.0 12.5 8.0 14.0 15.5 14.0 8.5 11.5 16.5 12.0 13.5
12.0 11.5 9.5 9.0 13.0 9.0 11.5 14.0 9.0 13.0 14.0 11.0 11.5 13.0 15.0 11.5 15.5 11.0 11.5 14.0 12.5 16.0 14.5 14.5 10.0 16.0 14.0 14.5 9.0 11.5 6.5 12.5 12.5 14.0 15.5 14.0 6.5 9.5 10.5 11.5 14.5 14.0 6.0 9.5 11.0 12.0 15.0 4.0 13.5 7.5 13.0 6.5 10.0 14.0 9.5 9.0 13.0 4.0 17.0 12.5 13.0 13.0 12.5 10.5 12.5 13.0 10.5 13.5 9.0 12.0 13.0 11.5 9.0 4.0 11.5 13.0 15.0 14.0 14.5 11.0 11.5 14.5 16.5 13.0 14.5 x 15.5 18.0 6.5 14.5 12.5 7.0 6.0 8.0 15.5 10.5 12.0 10.5 14.0 11.5
6.0 14.5 6.5 7.0 11.5 8.5 11.0 13.5 14.5 15.0 14.0 10.5 14.5 3.0 14.0 12.5 16.5 14.0 14.5 13.0 12.0 11.0 17.0 15.5 11.0 16.0 13.0 15.5 12.5 8.5 14.5 13.0 13.5 15.0 13.0 9.5 9.5 14.0 11.5 11.0 12.5 11.0 12.5 9.0 16.0 16.0 14.0 17.0 13.5 13.5 12.0 11.0 13.0 12.0 8.5 8.5 12.5 12.0 13.5 13.0 12.0 14.0 12.5 9.5 10.5 14.0 9.5 5.5 12.0 11.0 12.0 13.5 12.0 12.0 7.0 8.5 15.0 11.5 9.5 14.0 9.5 14.0 17.0 10.0 17.0 15.5 x 13.5 11.0 14.5 15.5 11.5 15.0 11.0 14.0 14.5 11.0 11.0 16.0 10.0
17.5 14.5 9.5 16.5 12.0 17.5 18.5 16.0 13.0 15.5 14.0 19.0 15.5 13.0 15.5 15.5 18.5 13.0 10.5 13.0 15.0 14.0 14.5 17.5 15.0 13.5 8.0 18.5 14.5 18.5 15.5 18.5 12.5 8.0 13.0 14.0 14.5 17.5 12.5 15.0 11.5 18.5 12.5 12.5 18.0 18.0 18.5 19.0 17.5 17.5 12.0 15.5 13.0 13.0 15.0 15.5 10.5 15.0 19.5 16.0 16.5 13.5 11.0 9.5 10.5 14.0 14.5 15.5 11.5 13.5 17.0 16.5 14.5 16.5 7.0 16.0 14.0 10.5 11.5 15.0 16.5 16.0 12.0 13.0 15.5 18.0 13.5 x 16.5 15.0 15.5 15.0 17.0 16.0 18.5 17.0 18.0 16.0 16.0 9.0
5.5 10.5 11.0 8.0 11.5 8.0 10.5 9.5 8.5 10.5 9.0 15.5 11.5 13.5 14.0 8.0 12.5 10.0 11.0 13.0 13.0 10.0 14.0 9.0 10.5 15.0 13.5 14.5 8.0 12.5 6.0 7.5 11.5 13.0 9.0 12.0 5.5 12.0 8.5 6.0 12.0 13.0 8.5 7.0 5.0 6.0 8.5 10.0 13.0 13.0 13.0 5.5 4.0 10.5 8.0 3.0 10.5 8.5 11.5 12.0 11.5 11.5 7.5 11.0 6.5 11.0 9.0 14.5 8.0 10.0 11.5 7.5 8.0 3.0 10.0 8.0 14.5 13.0 11.5 12.5 10.5 13.0 15.0 7.5 13.5 6.5 11.0 16.5 x 14.5 6.5 9.5 10.5 9.0 14.5 9.5 9.0 10.5 13.0 9.5
10.0 11.0 11.0 14.0 11.0 12.0 14.5 15.0 12.0 15.0 10.5 11.0 8.5 12.0 6.0 14.0 7.0 16.0 9.5 9.5 11.5 13.5 15.0 15.0 5.0 13.5 12.0 14.5 16.0 13.0 14.5 16.0 10.5 12.5 12.5 11.0 11.5 7.0 14.0 9.5 10.0 10.5 10.5 12.0 12.5 11.0 16.0 11.0 10.5 7.5 8.5 14.5 12.5 9.5 7.5 12.0 10.0 13.0 10.0 12.0 11.0 13.0 14.5 6.0 10.0 13.5 8.5 14.5 14.0 10.0 11.0 12.5 14.0 14.0 8.5 12.5 13.0 13.0 10.5 13.0 13.0 11.5 14.5 13.5 16.0 14.5 14.5 15.0 14.5 x 15.0 9.5 14.0 12.0 14.0 12.0 10.0 15.0 12.5 12.0
12.0 11.5 12.0 14.5 12.0 11.0 11.0 8.5 9.0 15.5 14.0 15.5 16.5 14.5 15.0 12.5 11.5 14.5 11.5 14.0 7.0 9.0 13.0 13.5 14.0 16.0 14.0 13.5 11.0 9.0 6.5 14.0 15.5 11.5 8.0 16.0 12.0 10.5 7.5 11.5 11.5 11.5 15.0 10.5 11.0 12.0 14.0 14.0 13.5 13.5 13.0 8.5 3.0 14.0 11.5 9.0 13.5 9.0 17.0 11.0 15.0 6.0 6.5 12.0 5.5 10.0 14.5 15.0 13.0 12.0 12.0 6.5 10.0 9.0 9.0 11.0 15.0 13.5 11.5 12.5 14.5 14.5 15.5 13.0 12.5 12.5 15.5 15.5 6.5 15.0 x 8.0 13.5 14.0 13.5 12.5 9.0 8.5 13.5 12.5
10.5 11.5 11.0 12.5 10.5 8.0 10.5 11.5 9.0 7.5 12.0 8.5 12.0 10.5 12.0 5.0 10.5 7.0 11.5 13.0 6.0 14.5 14.0 13.5 8.5 16.0 14.0 12.5 6.5 5.0 11.5 15.0 14.0 9.0 13.5 15.0 10.0 3.0 10.5 5.5 8.5 7.5 9.0 3.0 14.0 10.0 17.0 9.5 13.5 6.0 12.5 9.0 8.5 10.0 8.0 12.0 6.5 10.5 11.0 12.5 11.5 11.0 11.0 11.0 11.0 10.0 10.0 13.0 8.5 5.5 12.5 5.0 7.5 10.0 8.5 13.0 13.5 13.0 10.5 5.0 10.5 12.0 11.0 12.5 8.0 7.0 11.5 15.0 9.5 9.5 8.0 x 9.0 10.5 11.5 10.0 7.5 13.5 13.5 10.0
14.0 10.5 13.0 13.0 16.0 8.0 10.5 13.0 8.0 15.0 8.5 10.5 6.0 13.5 15.0 13.0 18.0 15.0 10.5 13.0 15.0 16.5 9.0 18.5 9.5 15.0 13.0 16.0 3.0 14.0 10.5 14.5 13.5 13.0 15.0 14.0 11.0 12.0 12.0 9.0 15.0 13.0 11.5 6.5 15.5 13.5 18.0 9.5 12.5 12.0 11.5 5.5 11.0 13.0 11.5 12.0 10.0 9.5 12.5 15.0 9.0 14.5 12.0 13.0 13.5 13.5 13.0 16.0 13.0 9.0 13.0 13.5 8.5 8.0 10.5 16.5 14.0 15.0 16.5 13.5 14.0 14.0 11.0 16.5 14.0 6.0 15.0 17.0 10.5 14.0 13.5 9.0 x 13.5 9.5 11.0 14.0 15.5 14.5 13.5
12.5 14.5 12.0 8.5 11.0 10.5 8.0 10.5 14.5 8.5 13.5 8.5 11.0 8.5 11.5 8.5 8.0 12.0 12.0 14.0 11.5 15.0 12.5 10.5 7.5 13.5 10.5 12.5 15.5 14.0 14.0 16.0 11.0 16.0 15.5 11.5 7.5 13.0 7.0 12.0 10.0 13.0 13.5 13.0 13.5 10.0 13.5 8.5 13.0 5.0 14.0 12.5 11.5 9.5 10.0 11.5 13.0 11.5 15.0 10.5 13.5 15.5 13.5 13.0 14.0 9.5 11.0 6.0 5.0 12.0 13.5 12.5 10.0 10.0 12.5 12.5 9.0 13.0 7.0 12.0 6.0 11.5 15.0 12.5 15.5 8.0 11.0 16.0 9.0 12.0 14.0 10.5 13.5 x 16.0 9.5 12.5 14.5 11.5 7.5
14.0 11.0 15.0 15.0 10.5 12.0 14.5 14.0 8.5 17.5 15.5 15.5 13.0 14.5 15.0 15.0 13.5 10.5 11.0 14.0 17.0 9.0 18.0 13.5 9.5 15.5 13.5 15.0 7.0 16.0 11.0 18.5 15.0 15.0 6.0 16.0 15.0 14.0 16.0 11.5 14.5 17.0 17.0 9.0 17.0 15.5 9.5 15.5 4.0 12.0 13.5 9.5 11.0 13.5 12.0 15.0 12.5 13.5 17.0 12.5 13.5 16.5 14.5 15.0 8.5 16.0 13.0 17.0 16.5 11.5 15.5 14.5 12.5 12.0 12.0 11.5 14.5 16.0 17.0 16.0 16.5 16.0 17.0 18.0 14.0 15.5 14.0 18.5 14.5 14.0 13.5 11.5 9.5 16.0 x 15.0 14.5 14.0 15.0 14.0
12.5 10.5 10.5 8.0 12.5 10.0 12.5 14.0 8.0 12.0 8.5 8.5 11.0 12.0 8.5 11.5 14.0 10.0 8.0 13.0 14.0 14.5 12.0 12.5 7.5 15.0 10.5 9.5 8.5 6.5 10.5 14.0 13.0 13.5 13.5 15.0 5.5 12.5 6.5 10.0 11.0 4.0 13.5 7.5 14.0 14.0 12.5 8.5 12.5 5.0 13.0 7.5 10.0 10.5 10.0 12.0 11.0 13.0 7.5 6.5 13.5 14.0 6.5 11.0 12.5 9.0 10.0 14.5 8.0 9.5 12.5 12.5 3.0 7.0 12.0 12.0 6.5 11.0 13.0 12.0 10.5 12.0 12.0 12.0 8.5 10.5 14.5 17.0 9.5 12.0 12.5 10.0 11.0 9.5 15.0 x 12.5 14.0 4.0 10.5
5.5 11.0 14.0 10.5 6.0 12.5 14.0 11.5 12.5 12.0 6.0 11.5 8.5 13.5 11.0 9.0 16.5 14.0 10.0 12.0 13.0 10.5 13.5 15.0 5.5 14.0 12.5 15.0 12.0 12.0 10.0 12.5 9.0 14.0 11.5 14.0 13.0 10.0 11.0 10.0 12.0 10.5 13.0 8.0 13.0 10.0 13.5 11.5 11.0 8.0 11.0 12.0 6.5 12.5 3.0 8.0 11.5 8.5 13.0 12.0 6.5 8.5 10.0 8.5 9.0 11.5 8.5 16.0 12.0 5.5 11.0 3.0 12.5 11.5 11.0 8.0 13.5 14.5 15.5 12.0 13.0 12.0 15.0 11.0 11.5 12.0 11.0 18.0 9.0 10.0 9.0 7.5 14.0 12.5 14.5 12.5 x 10.5 14.5 9.5
5.5 8.5 12.5 11.5 11.5 11.0 11.5 11.0 11.0 15.0 16.5 15.5 14.5 13.5 12.0 14.5 15.5 16.0 13.5 10.5 14.0 5.5 14.0 6.0 10.5 13.0 14.0 14.5 13.0 15.0 9.5 12.5 12.0 8.5 11.0 13.5 11.5 16.0 8.5 8.5 8.5 16.5 13.5 11.0 15.5 13.0 8.0 14.0 13.5 13.0 11.0 13.5 11.0 12.5 8.0 8.0 11.0 7.0 8.5 12.0 11.5 3.0 8.0 13.5 8.5 11.0 9.0 16.0 11.5 10.5 11.5 13.0 11.5 13.0 12.0 3.0 14.5 11.5 15.5 12.0 9.0 15.0 15.5 12.5 16.5 10.5 11.0 16.0 10.5 15.0 8.5 13.5 15.5 14.5 14.0 14.0 10.5 x 12.0 11.0
10.0 9.5 14.0 11.0 9.0 12.0 11.5 14.0 8.5 9.5 9.5 11.5 10.5 15.0 7.0 12.0 16.0 8.5 6.0 12.0 16.0 12.0 12.0 15.5 10.0 14.0 8.5 5.5 12.0 10.0 11.0 15.0 14.5 11.5 9.5 13.5 9.0 14.0 6.5 9.5 9.0 7.5 10.0 11.0 16.0 11.5 16.0 11.5 13.0 8.0 12.0 11.0 11.0 8.5 12.5 12.5 12.5 13.5 4.0 3.0 14.0 14.5 8.5 14.0 12.0 9.0 6.5 17.0 11.5 13.0 9.0 14.5 6.5 10.5 12.0 9.5 3.0 11.0 11.5 12.5 8.5 10.5 14.5 12.0 12.0 14.0 16.0 16.0 13.0 12.5 13.5 13.5 14.5 11.5 15.0 4.0 14.5 12.0 x 11.5
9.5 12.0 11.5 8.0 4.0 9.5 11.0 13.0 11.0 6.5 13.5 10.0 13.0 12.5 6.5 6.5 14.5 10.0 8.5 9.5 13.5 10.5 8.5 8.5 9.5 9.5 11.0 10.5 11.0 13.0 13.5 9.5 4.0 11.0 15.0 14.0 5.5 12.5 7.5 10.0 3.0 10.5 12.5 7.5 14.0 9.5 11.5 14.0 10.5 12.0 11.5 10.5 10.0 6.0 7.5 7.0 8.5 13.0 15.0 10.0 11.0 8.5 7.0 11.0 12.5 10.0 6.5 13.0 3.0 5.0 9.0 9.5 8.0 8.0 13.0 12.0 12.0 9.5 11.0 6.5 9.5 7.5 11.0 11.5 13.5 11.5 10.0 9.0 9.5 12.0 12.5 10.0 13.5 7.5 14.0 10.5 9.5 11.0 11.5 x
