100
11
L_d_u_q_y_x_n N_g_j Y_u_v_i_v_d_a B_p_m Y_i_r I_b_a_a_l J_j_n B_n_h W_x_s J_h_b_t_d_w_p C_v_y T_q_j_p_s_i X_l_y L_x_i_l_o_t_c I_b_i_v_s W_v_l_m_l_h_k B_h_i_p_j_a S_f_y_q_k_j_d R_e_a_r V_p_n_v_p_v W_r_l_n_z I_c_i_u_i N_b_z_i_e_x_u G_l_g_m_z R_q_p_i Y_q_s_x_h_f K_i_q_h W_i_s_n Q_s_m_y_e G_a_f S_d_f_y L_u_m_b_w_k O_a_s V_d_r L_e_y R_a_z_m_n K_q_v_j_y V_a_p_r_s S_z_r_p_e B_c_u_g_a F_h_e_x_l O_m_q_g_v_a Y_o_d_i_z_p G_t_o_f_m_s_m D_l_y_a_e_p F_i_e_n_b G_u_s E_m_n_m_g Y_c_u_q_w_j X_c_r_s_e_g U_f_s_v_x_i_o W_q_p_u_g_g D_j_z N_e_c_o_l S_o_g B_n_c_g_j_r G_w_f_y_q_t H_h_j_i_n_a_j F_l_u_h Y_w_o_z_f_y X_h_b_i_b_u_j W_z_r_x_g C_q_h_n_k_o_q E_v_t_d K_m_w_s_z_i_d Z_i_t_x_q_t N_i_o_s P_k_d_x_j N_m_x_p_f B_c_i_b_u L_w_x_e_v_i U_z_u_c_g H_b_m_w_f K_u_e_n_z_w K_w_e R_q_l U_q_z R_y_g_q Z_d_o_r_z_r_y U_n_x_v U_d_p C_f_n_s T_r_n_b_d_a O_i_s P_g_f_v_u B_j_d V_n_w Z_h_p_l_e_c Z_b_t_l_c R_e_f_d_n_s D_a_n_d S_s_q_i_p_e W_c_t_v_d_i H_v_h V_a_g_k C_x_j_o_z_r_k P_x_o_a_w Z_g_j_i U_n_x_u_g_z Y_f_v_y_j_h
W_x_s J_h_b_t_d_w_p C_v_y T_q_j_p_s_i X_l_y L_x_i_l_o_t_c I_b_i_v_s W_v_l_m_l_h_k B_h_i_p_j_a S_f_y_q_k_j_d R_e_a_r
L_d_u_q_y_x_n
x	3	16	9	17	19	3	16	7	15	9	10	5	5	7	1	17	14	13	8	3	12	4	18	3	11	14	9	2	16	8	13	8	9	19	20	14	8	8	13	9	9	19	4	15	6	15	17	11	13	15	1	7	14	18	12	6	5	16	20	5	16	6	10	1	13	17	13	10	13	10	13	16	13	7	8	12	16	8	13	6	14	18	17	8	19	3	3	1	15	10	11	1	14	13	13	18	18	16	20
3	x	14	7	15	17	1	14	5	13	7	8	3	3	5	x	15	12	11	6	1	10	2	16	1	9	12	7	2	14	6	11	6	7	17	18	12	6	6	11	7	7	17	2	13	4	13	15	9	11	13	x	5	12	16	10	4	3	14	18	3	14	4	8	x	11	15	11	8	11	8	11	14	11	5	6	10	14	6	11	4	12	16	15	6	17	1	1	x	13	8	9	x	12	11	11	16	16	14	18
16	14	x	8	2	4	14	1	10	2	8	7	12	12	10	x	2	3	4	9	14	5	13	3	14	6	3	8	15	1	9	4	9	8	4	5	3	9	9	4	8	8	4	13	2	11	2	2	6	4	2	x	10	3	3	5	11	12	1	5	12	1	11	7	x	4	2	4	7	4	7	4	1	4	10	9	5	1	9	4	11	3	3	2	9	4	14	14	x	2	7	6	x	3	4	4	3	3	1	5
9	7	8	x	9	11	7	8	3	7	1	2	5	5	3	x	9	6	5	2	7	4	6	10	7	3	6	1	8	8	2	5	2	1	11	12	6	2	2	5	1	1	11	6	7	4	7	9	3	5	7	x	3	6	10	4	4	5	8	12	5	8	4	2	x	5	9	5	2	5	2	5	8	5	3	2	4	8	2	5	4	6	10	9	2	11	7	7	x	7	2	3	x	6	5	5	10	10	8	12
17	15	2	9	x	3	15	2	11	3	9	8	13	13	11	x	1	4	5	10	15	6	14	2	15	7	4	9	16	2	10	5	10	9	3	4	4	10	10	5	9	9	3	14	3	12	3	1	7	5	3	x	11	4	2	6	12	13	2	4	13	2	12	8	x	5	1	5	8	5	8	5	2	5	11	10	6	2	10	5	12	4	2	1	10	3	15	15	x	3	8	7	x	4	5	5	2	2	2	4
19	17	4	11	3	x	17	4	13	5	11	10	15	15	13	x	3	6	7	12	17	8	16	2	17	9	6	11	18	4	12	7	12	11	1	2	6	12	12	7	11	11	1	16	5	14	5	3	9	7	5	x	13	6	2	8	14	15	4	2	15	4	14	10	x	7	3	7	10	7	10	7	4	7	13	12	8	4	12	7	14	6	2	3	12	1	17	17	x	5	10	9	x	6	7	7	2	2	4	2
3	1	14	7	15	17	x	14	5	13	7	8	3	3	5	x	15	12	11	6	1	10	2	16	1	9	12	7	2	14	6	11	6	7	17	18	12	6	6	11	7	7	17	2	13	4	13	15	9	11	13	x	5	12	16	10	4	3	14	18	3	14	4	8	x	11	15	11	8	11	8	11	14	11	5	6	10	14	6	11	4	12	16	15	6	17	1	1	x	13	8	9	x	12	11	11	16	16	14	18
16	14	1	8	2	4	14	x	10	2	8	7	12	12	10	x	2	3	4	9	14	5	13	3	14	6	3	8	15	1	9	4	9	8	4	5	3	9	9	4	8	8	4	13	2	11	2	2	6	4	2	x	10	3	3	5	11	12	1	5	12	1	11	7	x	4	2	4	7	4	7	4	1	4	10	9	5	1	9	4	11	3	3	2	9	4	14	14	x	2	7	6	x	3	4	4	3	3	1	5
7	5	10	3	11	13	5	10	x	9	3	4	3	3	1	x	11	8	7	2	5	6	4	12	5	5	8	3	6	10	2	7	2	3	13	14	8	2	2	7	3	3	13	4	9	2	9	11	5	7	9	x	1	8	12	6	2	3	10	14	3	10	2	4	x	7	11	7	4	7	4	7	10	7	1	2	6	10	2	7	2	8	12	11	2	13	5	5	x	9	4	5	x	8	7	7	12	12	10	14
15	13	2	7	3	5	13	2	9	x	7	6	11	11	9	x	3	2	3	8	13	4	12	4	13	5	2	7	14	2	8	3	8	7	5	6	2	8	8	3	7	7	5	12	1	10	1	3	5	3	1	x	9	2	4	4	10	11	2	6	11	2	10	6	x	3	3	3	6	3	6	3	2	3	9	8	4	2	8	3	10	2	4	3	8	5	13	13	x	1	6	5	x	2	3	3	4	4	2	6
9	7	8	1	9	11	7	8	3	7	x	2	5	5	3	x	9	6	5	2	7	4	6	10	7	3	6	1	8	8	2	5	2	1	11	12	6	2	2	5	1	1	11	6	7	4	7	9	3	5	7	x	3	6	10	4	4	5	8	12	5	8	4	2	x	5	9	5	2	5	2	5	8	5	3	2	4	8	2	5	4	6	10	9	2	11	7	7	x	7	2	3	x	6	5	5	10	10	8	12
10	8	7	2	8	10	8	7	4	6	2	x	6	6	4	x	8	5	4	3	8	3	7	9	8	2	5	2	9	7	3	4	3	2	10	11	5	3	3	4	2	2	10	7	6	5	6	8	2	4	6	x	4	5	9	3	5	6	7	11	6	7	5	1	x	4	8	4	1	4	1	4	7	4	4	3	3	7	3	4	5	5	9	8	3	10	8	8	x	6	1	2	x	5	4	4	9	9	7	11
5	3	12	5	13	15	3	12	3	11	5	6	x	1	3	x	13	10	9	4	3	8	2	14	3	7	10	5	4	12	4	9	4	5	15	16	10	4	4	9	5	5	15	2	11	2	11	13	7	9	11	x	3	10	14	8	2	1	12	16	1	12	2	6	x	9	13	9	6	9	6	9	12	9	3	4	8	12	4	9	2	10	14	13	4	15	3	3	x	11	6	7	x	10	9	9	14	14	12	16
5	3	12	5	13	15	3	12	3	11	5	6	1	x	3	x	13	10	9	4	3	8	2	14	3	7	10	5	4	12	4	9	4	5	15	16	10	4	4	9	5	5	15	2	11	2	11	13	7	9	11	x	3	10	14	8	2	1	12	16	1	12	2	6	x	9	13	9	6	9	6	9	12	9	3	4	8	12	4	9	2	10	14	13	4	15	3	3	x	11	6	7	x	10	9	9	14	14	12	16
7	5	10	3	11	13	5	10	1	9	3	4	3	3	x	x	11	8	7	2	5	6	4	12	5	5	8	3	6	10	2	7	2	3	13	14	8	2	2	7	3	3	13	4	9	2	9	11	5	7	9	x	1	8	12	6	2	3	10	14	3	10	2	4	x	7	11	7	4	7	4	7	10	7	1	2	6	10	2	7	2	8	12	11	2	13	5	5	x	9	4	5	x	8	7	7	12	12	10	14
1	x	x	x	x	x	x	x	x	x	x	x	x	x	x	x	x	x	x	x	x	x	x	x	x	x	x	x	x	x	x	x	x	x	x	x	x	x	x	x	x	x	x	x	x	x	x	x	x	x	x	x	x	x	x	x	x	x	x	x	x	x	x	x	x	x	x	x	x	x	x	x	x	x	x	x	x	x	x	x	x	x	x	x	x	x	x	x	x	x	x	x	x	x	x	x	x	x	x	x
17	15	2	9	1	3	15	2	11	3	9	8	13	13	11	x	x	4	5	10	15	6	14	2	15	7	4	9	16	2	10	5	10	9	3	4	4	10	10	5	9	9	3	14	3	12	3	1	7	5	3	x	11	4	2	6	12	13	2	4	13	2	12	8	x	5	1	5	8	5	8	5	2	5	11	10	6	2	10	5	12	4	2	1	10	3	15	15	x	3	8	7	x	4	5	5	2	2	2	4
14	12	3	6	4	6	12	3	8	2	6	5	10	10	8	x	4	x	2	7	12	3	11	5	12	4	1	6	13	3	7	2	7	6	6	7	1	7	7	2	6	6	6	11	2	9	2	4	4	2	2	x	8	1	5	3	9	10	3	7	10	3	9	5	x	2	4	2	5	2	5	2	3	2	8	7	3	3	7	2	9	1	5	4	7	6	12	12	x	2	5	4	x	1	2	2	5	5	3	7
13	11	4	5	5	7	11	4	7	3	5	4	9	9	7	x	5	2	x	6	11	2	10	6	11	3	2	5	12	4	6	1	6	5	7	8	2	6	6	1	5	5	7	10	3	8	3	5	3	1	3	x	7	2	6	2	8	9	4	8	9	4	8	4	x	1	5	1	4	1	4	1	4	1	7	6	2	4	6	1	8	2	6	5	6	7	11	11	x	3	4	3	x	2	1	1	6	6	4	8
8	6	9	2	10	12	6	9	2	8	2	3	4	4	2	x	10	7	6	x	6	5	5	11	6	4	7	2	7	9	1	6	1	2	12	13	7	1	1	6	2	2	12	5	8	3	8	10	4	6	8	x	2	7	11	5	3	4	9	13	4	9	3	3	x	6	10	6	3	6	3	6	9	6	2	1	5	9	1	6	3	7	11	10	1	12	6	6	x	8	3	4	x	7	6	6	11	11	9	13
3	1	14	7	15	17	1	14	5	13	7	8	3	3	5	x	15	12	11	6	x	10	2	16	1	9	12	7	2	14	6	11	6	7	17	18	12	6	6	11	7	7	17	2	13	4	13	15	9	11	13	x	5	12	16	10	4	3	14	18	3	14	4	8	x	11	15	11	8	11	8	11	14	11	5	6	10	14	6	11	4	12	16	15	6	17	1	1	x	13	8	9	x	12	11	11	16	16	14	18
12	10	5	4	6	8	10	5	6	4	4	3	8	8	6	x	6	3	2	5	10	x	9	7	10	2	3	4	11	5	5	2	5	4	8	9	3	5	5	2	4	4	8	9	4	7	4	6	2	2	4	x	6	3	7	1	7	8	5	9	8	5	7	3	x	2	6	2	3	2	3	2	5	2	6	5	1	5	5	2	7	3	7	6	5	8	10	10	x	4	3	2	x	3	2	2	7	7	5	9
4	2	13	6	14	16	2	13	4	12	6	7	2	2	4	x	14	11	10	5	2	9	x	15	2	8	11	6	3	13	5	10	5	6	16	17	11	5	5	10	6	6	16	1	12	3	12	14	8	10	12	x	4	11	15	9	3	2	13	17	2	13	3	7	x	10	14	10	7	10	7	10	13	10	4	5	9	13	5	10	3	11	15	14	5	16	2	2	x	12	7	8	x	11	10	10	15	15	13	17
18	16	3	10	2	2	16	3	12	4	10	9	14	14	12	x	2	5	6	11	16	7	15	x	16	8	5	10	17	3	11	6	11	10	2	3	5	11	11	6	10	10	2	15	4	13	4	2	8	6	4	x	12	5	1	7	13	14	3	3	14	3	13	9	x	6	2	6	9	6	9	6	3	6	12	11	7	3	11	6	13	5	1	2	11	2	16	16	x	4	9	8	x	5	6	6	1	1	3	3
3	1	14	7	15	17	1	14	5	13	7	8	3	3	5	x	15	12	11	6	1	10	2	16	x	9	12	7	2	14	6	11	6	7	17	18	12	6	6	11	7	7	17	2	13	4	13	15	9	11	13	x	5	12	16	10	4	3	14	18	3	14	4	8	x	11	15	11	8	11	8	11	14	11	5	6	10	14	6	11	4	12	16	15	6	17	1	1	x	13	8	9	x	12	11	11	16	16	14	18
11	9	6	3	7	9	9	6	5	5	3	2	7	7	5	x	7	4	3	4	9	2	8	8	9	x	4	3	10	6	4	3	4	3	9	10	4	4	4	3	3	3	9	8	5	6	5	7	1	3	5	x	5	4	8	2	6	7	6	10	7	6	6	2	x	3	7	3	2	3	2	3	6	3	5	4	2	6	4	3	6	4	8	7	4	9	9	9	x	5	2	1	x	4	3	3	8	8	6	10
14	12	3	6	4	6	12	3	8	2	6	5	10	10	8	x	4	1	2	7	12	3	11	5	12	4	x	6	13	3	7	2	7	6	6	7	1	7	7	2	6	6	6	11	2	9	2	4	4	2	2	x	8	1	5	3	9	10	3	7	10	3	9	5	x	2	4	2	5	2	5	2	3	2	8	7	3	3	7	2	9	1	5	4	7	6	12	12	x	2	5	4	x	1	2	2	5	5	3	7
9	7	8	1	9	11	7	8	3	7	1	2	5	5	3	x	9	6	5	2	7	4	6	10	7	3	6	x	8	8	2	5	2	1	11	12	6	2	2	5	1	1	11	6	7	4	7	9	3	5	7	x	3	6	10	4	4	5	8	12	5	8	4	2	x	5	9	5	2	5	2	5	8	5	3	2	4	8	2	5	4	6	10	9	2	11	7	7	x	7	2	3	x	6	5	5	10	10	8	12
2	2	15	8	16	18	2	15	6	14	8	9	4	4	6	x	16	13	12	7	2	11	3	17	2	10	13	8	x	15	7	12	7	8	18	19	13	7	7	12	8	8	18	3	14	5	14	16	10	12	14	x	6	13	17	11	5	4	15	19	4	15	5	9	x	12	16	12	9	12	9	12	15	12	6	7	11	15	7	12	5	13	17	16	7	18	2	2	x	14	9	10	x	13	12	12	17	17	15	19
16	14	1	8	2	4	14	1	10	2	8	7	12	12	10	x	2	3	4	9	14	5	13	3	14	6	3	8	15	x	9	4	9	8	4	5	3	9	9	4	8	8	4	13	2	11	2	2	6	4	2	x	10	3	3	5	11	12	1	5	12	1	11	7	x	4	2	4	7	4	7	4	1	4	10	9	5	1	9	4	11	3	3	2	9	4	14	14	x	2	7	6	x	3	4	4	3	3	1	5
8	6	9	2	10	12	6	9	2	8	2	3	4	4	2	x	10	7	6	1	6	5	5	11	6	4	7	2	7	9	x	6	1	2	12	13	7	1	1	6	2	2	12	5	8	3	8	10	4	6	8	x	2	7	11	5	3	4	9	13	4	9	3	3	x	6	10	6	3	6	3	6	9	6	2	1	5	9	1	6	3	7	11	10	1	12	6	6	x	8	3	4	x	7	6	6	11	11	9	13
13	11	4	5	5	7	11	4	7	3	5	4	9	9	7	x	5	2	1	6	11	2	10	6	11	3	2	5	12	4	6	x	6	5	7	8	2	6	6	1	5	5	7	10	3	8	3	5	3	1	3	x	7	2	6	2	8	9	4	8	9	4	8	4	x	1	5	1	4	1	4	1	4	1	7	6	2	4	6	1	8	2	6	5	6	7	11	11	x	3	4	3	x	2	1	1	6	6	4	8
8	6	9	2	10	12	6	9	2	8	2	3	4	4	2	x	10	7	6	1	6	5	5	11	6	4	7	2	7	9	1	6	x	2	12	13	7	1	1	6	2	2	12	5	8	3	8	10	4	6	8	x	2	7	11	5	3	4	9	13	4	9	3	3	x	6	10	6	3	6	3	6	9	6	2	1	5	9	1	6	3	7	11	10	1	12	6	6	x	8	3	4	x	7	6	6	11	11	9	13
9	7	8	1	9	11	7	8	3	7	1	2	5	5	3	x	9	6	5	2	7	4	6	10	7	3	6	1	8	8	2	5	2	x	11	12	6	2	2	5	1	1	11	6	7	4	7	9	3	5	7	x	3	6	10	4	4	5	8	12	5	8	4	2	x	5	9	5	2	5	2	5	8	5	3	2	4	8	2	5	4	6	10	9	2	11	7	7	x	7	2	3	x	6	5	5	10	10	8	12
19	17	4	11	3	1	17	4	13	5	11	10	15	15	13	x	3	6	7	12	17	8	16	2	17	9	6	11	18	4	12	7	12	11	x	2	6	12	12	7	11	11	1	16	5	14	5	3	9	7	5	x	13	6	2	8	14	15	4	2	15	4	14	10	x	7	3	7	10	7	10	7	4	7	13	12	8	4	12	7	14	6	2	3	12	1	17	17	x	5	10	9	x	6	7	7	2	2	4	2
20	18	5	12	4	2	18	5	14	6	12	11	16	16	14	x	4	7	8	13	18	9	17	3	18	10	7	12	19	5	13	8	13	12	2	x	7	13	13	8	12	12	2	17	6	15	6	4	10	8	6	x	14	7	3	9	15	16	5	1	16	5	15	11	x	8	4	8	11	8	11	8	5	8	14	13	9	5	13	8	15	7	3	4	13	2	18	18	x	6	11	10	x	7	8	8	3	3	5	1
14	12	3	6	4	6	12	3	8	2	6	5	10	10	8	x	4	1	2	7	12	3	11	5	12	4	1	6	13	3	7	2	7	6	6	7	x	7	7	2	6	6	6	11	2	9	2	4	4	2	2	x	8	1	5	3	9	10	3	7	10	3	9	5	x	2	4	2	5	2	5	2	3	2	8	7	3	3	7	2	9	1	5	4	7	6	12	12	x	2	5	4	x	1	2	2	5	5	3	7
8	6	9	2	10	12	6	9	2	8	2	3	4	4	2	x	10	7	6	1	6	5	5	11	6	4	7	2	7	9	1	6	1	2	12	13	7	x	1	6	2	2	12	5	8	3	8	10	4	6	8	x	2	7	11	5	3	4	9	13	4	9	3	3	x	6	10	6	3	6	3	6	9	6	2	1	5	9	1	6	3	7	11	10	1	12	6	6	x	8	3	4	x	7	6	6	11	11	9	13
8	6	9	2	10	12	6	9	2	8	2	3	4	4	2	x	10	7	6	1	6	5	5	11	6	4	7	2	7	9	1	6	1	2	12	13	7	1	x	6	2	2	12	5	8	3	8	10	4	6	8	x	2	7	11	5	3	4	9	13	4	9	3	3	x	6	10	6	3	6	3	6	9	6	2	1	5	9	1	6	3	7	11	10	1	12	6	6	x	8	3	4	x	7	6	6	11	11	9	13
13	11	4	5	5	7	11	4	7	3	5	4	9	9	7	x	5	2	1	6	11	2	10	6	11	3	2	5	12	4	6	1	6	5	7	8	2	6	6	x	5	5	7	10	3	8	3	5	3	1	3	x	7	2	6	2	8	9	4	8	9	4	8	4	x	1	5	1	4	1	4	1	4	1	7	6	2	4	6	1	8	2	6	5	6	7	11	11	x	3	4	3	x	2	1	1	6	6	4	8
9	7	8	1	9	11	7	8	3	7	1	2	5	5	3	x	9	6	5	2	7	4	6	10	7	3	6	1	8	8	2	5	2	1	11	12	6	2	2	5	x	1	11	6	7	4	7	9	3	5	7	x	3	6	10	4	4	5	8	12	5	8	4	2	x	5	9	5	2	5	2	5	8	5	3	2	4	8	2	5	4	6	10	9	2	11	7	7	x	7	2	3	x	6	5	5	10	10	8	12
9	7	8	1	9	11	7	8	3	7	1	2	5	5	3	x	9	6	5	2	7	4	6	10	7	3	6	1	8	8	2	5	2	1	11	12	6	2	2	5	1	x	11	6	7	4	7	9	3	5	7	x	3	6	10	4	4	5	8	12	5	8	4	2	x	5	9	5	2	5	2	5	8	5	3	2	4	8	2	5	4	6	10	9	2	11	7	7	x	7	2	3	x	6	5	5	10	10	8	12
19	17	4	11	3	1	17	4	13	5	11	10	15	15	13	x	3	6	7	12	17	8	16	2	17	9	6	11	18	4	12	7	12	11	1	2	6	12	12	7	11	11	x	16	5	14	5	3	9	7	5	x	13	6	2	8	14	15	4	2	15	4	14	10	x	7	3	7	10	7	10	7	4	7	13	12	8	4	12	7	14	6	2	3	12	1	17	17	x	5	10	9	x	6	7	7	2	2	4	2
4	2	13	6	14	16	2	13	4	12	6	7	2	2	4	x	14	11	10	5	2	9	1	15	2	8	11	6	3	13	5	10	5	6	16	17	11	5	5	10	6	6	16	x	12	3	12	14	8	10	12	x	4	11	15	9	3	2	13	17	2	13	3	7	x	10	14	10	7	10	7	10	13	10	4	5	9	13	5	10	3	11	15	14	5	16	2	2	x	12	7	8	x	11	10	10	15	15	13	17
15	13	2	7	3	5	13	2	9	1	7	6	11	11	9	x	3	2	3	8	13	4	12	4	13	5	2	7	14	2	8	3	8	7	5	6	2	8	8	3	7	7	5	12	x	10	1	3	5	3	1	x	9	2	4	4	10	11	2	6	11	2	10	6	x	3	3	3	6	3	6	3	2	3	9	8	4	2	8	3	10	2	4	3	8	5	13	13	x	1	6	5	x	2	3	3	4	4	2	6
6	4	11	4	12	14	4	11	2	10	4	5	2	2	2	x	12	9	8	3	4	7	3	13	4	6	9	4	5	11	3	8	3	4	14	15	9	3	3	8	4	4	14	3	10	x	10	12	6	8	10	x	2	9	13	7	1	2	11	15	2	11	1	5	x	8	12	8	5	8	5	8	11	8	2	3	7	11	3	8	1	9	13	12	3	14	4	4	x	10	5	6	x	9	8	8	13	13	11	15
15	13	2	7	3	5	13	2	9	1	7	6	11	11	9	x	3	2	3	8	13	4	12	4	13	5	2	7	14	2	8	3	8	7	5	6	2	8	8	3	7	7	5	12	1	10	x	3	5	3	1	x	9	2	4	4	10	11	2	6	11	2	10	6	x	3	3	3	6	3	6	3	2	3	9	8	4	2	8	3	10	2	4	3	8	5	13	13	x	1	6	5	x	2	3	3	4	4	2	6
17	15	2	9	1	3	15	2	11	3	9	8	13	13	11	x	1	4	5	10	15	6	14	2	15	7	4	9	16	2	10	5	10	9	3	4	4	10	10	5	9	9	3	14	3	12	3	x	7	5	3	x	11	4	2	6	12	13	2	4	13	2	12	8	x	5	1	5	8	5	8	5	2	5	11	10	6	2	10	5	12	4	2	1	10	3	15	15	x	3	8	7	x	4	5	5	2	2	2	4
11	9	6	3	7	9	9	6	5	5	3	2	7	7	5	x	7	4	3	4	9	2	8	8	9	1	4	3	10	6	4	3	4	3	9	10	4	4	4	3	3	3	9	8	5	6	5	7	x	3	5	x	5	4	8	2	6	7	6	10	7	6	6	2	x	3	7	3	2	3	2	3	6	3	5	4	2	6	4	3	6	4	8	7	4	9	9	9	x	5	2	1	x	4	3	3	8	8	6	10
13	11	4	5	5	7	11	4	7	3	5	4	9	9	7	x	5	2	1	6	11	2	10	6	11	3	2	5	12	4	6	1	6	5	7	8	2	6	6	1	5	5	7	10	3	8	3	5	3	x	3	x	7	2	6	2	8	9	4	8	9	4	8	4	x	1	5	1	4	1	4	1	4	1	7	6	2	4	6	1	8	2	6	5	6	7	11	11	x	3	4	3	x	2	1	1	6	6	4	8
15	13	2	7	3	5	13	2	9	1	7	6	11	11	9	x	3	2	3	8	13	4	12	4	13	5	2	7	14	2	8	3	8	7	5	6	2	8	8	3	7	7	5	12	1	10	1	3	5	3	x	x	9	2	4	4	10	11	2	6	11	2	10	6	x	3	3	3	6	3	6	3	2	3	9	8	4	2	8	3	10	2	4	3	8	5	13	13	x	1	6	5	x	2	3	3	4	4	2	6
1	x	x	x	x	x	x	x	x	x	x	x	x	x	x	x	x	x	x	x	x	x	x	x	x	x	x	x	x	x	x	x	x	x	x	x	x	x	x	x	x	x	x	x	x	x	x	x	x	x	x	x	x	x	x	x	x	x	x	x	x	x	x	x	x	x	x	x	x	x	x	x	x	x	x	x	x	x	x	x	x	x	x	x	x	x	x	x	x	x	x	x	x	x	x	x	x	x	x	x
7	5	10	3	11	13	5	10	1	9	3	4	3	3	1	x	11	8	7	2	5	6	4	12	5	5	8	3	6	10	2	7	2	3	13	14	8	2	2	7	3	3	13	4	9	2	9	11	5	7	9	x	x	8	12	6	2	3	10	14	3	10	2	4	x	7	11	7	4	7	4	7	10	7	1	2	6	10	2	7	2	8	12	11	2	13	5	5	x	9	4	5	x	8	7	7	12	12	10	14
14	12	3	6	4	6	12	3	8	2	6	5	10	10	8	x	4	1	2	7	12	3	11	5	12	4	1	6	13	3	7	2	7	6	6	7	1	7	7	2	6	6	6	11	2	9	2	4	4	2	2	x	8	x	5	3	9	10	3	7	10	3	9	5	x	2	4	2	5	2	5	2	3	2	8	7	3	3	7	2	9	1	5	4	7	6	12	12	x	2	5	4	x	1	2	2	5	5	3	7
18	16	3	10	2	2	16	3	12	4	10	9	14	14	12	x	2	5	6	11	16	7	15	1	16	8	5	10	17	3	11	6	11	10	2	3	5	11	11	6	10	10	2	15	4	13	4	2	8	6	4	x	12	5	x	7	13	14	3	3	14	3	13	9	x	6	2	6	9	6	9	6	3	6	12	11	7	3	11	6	13	5	1	2	11	2	16	16	x	4	9	8	x	5	6	6	1	1	3	3
12	10	5	4	6	8	10	5	6	4	4	3	8	8	6	x	6	3	2	5	10	1	9	7	10	2	3	4	11	5	5	2	5	4	8	9	3	5	5	2	4	4	8	9	4	7	4	6	2	2	4	x	6	3	7	x	7	8	5	9	8	5	7	3	x	2	6	2	3	2	3	2	5	2	6	5	1	5	5	2	7	3	7	6	5	8	10	10	x	4	3	2	x	3	2	2	7	7	5	9
6	4	11	4	12	14	4	11	2	10	4	5	2	2	2	x	12	9	8	3	4	7	3	13	4	6	9	4	5	11	3	8	3	4	14	15	9	3	3	8	4	4	14	3	10	1	10	12	6	8	10	x	2	9	13	7	x	2	11	15	2	11	1	5	x	8	12	8	5	8	5	8	11	8	2	3	7	11	3	8	1	9	13	12	3	14	4	4	x	10	5	6	x	9	8	8	13	13	11	15
5	3	12	5	13	15	3	12	3	11	5	6	1	1	3	x	13	10	9	4	3	8	2	14	3	7	10	5	4	12	4	9	4	5	15	16	10	4	4	9	5	5	15	2	11	2	11	13	7	9	11	x	3	10	14	8	2	x	12	16	1	12	2	6	x	9	13	9	6	9	6	9	12	9	3	4	8	12	4	9	2	10	14	13	4	15	3	3	x	11	6	7	x	10	9	9	14	14	12	16
16	14	1	8	2	4	14	1	10	2	8	7	12	12	10	x	2	3	4	9	14	5	13	3	14	6	3	8	15	1	9	4	9	8	4	5	3	9	9	4	8	8	4	13	2	11	2	2	6	4	2	x	10	3	3	5	11	12	x	5	12	1	11	7	x	4	2	4	7	4	7	4	1	4	10	9	5	1	9	4	11	3	3	2	9	4	14	14	x	2	7	6	x	3	4	4	3	3	1	5
20	18	5	12	4	2	18	5	14	6	12	11	16	16	14	x	4	7	8	13	18	9	17	3	18	10	7	12	19	5	13	8	13	12	2	1	7	13	13	8	12	12	2	17	6	15	6	4	10	8	6	x	14	7	3	9	15	16	5	x	16	5	15	11	x	8	4	8	11	8	11	8	5	8	14	13	9	5	13	8	15	7	3	4	13	2	18	18	x	6	11	10	x	7	8	8	3	3	5	1
5	3	12	5	13	15	3	12	3	11	5	6	1	1	3	x	13	10	9	4	3	8	2	14	3	7	10	5	4	12	4	9	4	5	15	16	10	4	4	9	5	5	15	2	11	2	11	13	7	9	11	x	3	10	14	8	2	1	12	16	x	12	2	6	x	9	13	9	6	9	6	9	12	9	3	4	8	12	4	9	2	10	14	13	4	15	3	3	x	11	6	7	x	10	9	9	14	14	12	16
16	14	1	8	2	4	14	1	10	2	8	7	12	12	10	x	2	3	4	9	14	5	13	3	14	6	3	8	15	1	9	4	9	8	4	5	3	9	9	4	8	8	4	13	2	11	2	2	6	4	2	x	10	3	3	5	11	12	1	5	12	x	11	7	x	4	2	4	7	4	7	4	1	4	10	9	5	1	9	4	11	3	3	2	9	4	14	14	x	2	7	6	x	3	4	4	3	3	1	5
6	4	11	4	12	14	4	11	2	10	4	5	2	2	2	x	12	9	8	3	4	7	3	13	4	6	9	4	5	11	3	8	3	4	14	15	9	3	3	8	4	4	14	3	10	1	10	12	6	8	10	x	2	9	13	7	1	2	11	15	2	11	x	5	x	8	12	8	5	8	5	8	11	8	2	3	7	11	3	8	1	9	13	12	3	14	4	4	x	10	5	6	x	9	8	8	13	13	11	15
10	8	7	2	8	10	8	7	4	6	2	1	6	6	4	x	8	5	4	3	8	3	7	9	8	2	5	2	9	7	3	4	3	2	10	11	5	3	3	4	2	2	10	7	6	5	6	8	2	4	6	x	4	5	9	3	5	6	7	11	6	7	5	x	x	4	8	4	1	4	1	4	7	4	4	3	3	7	3	4	5	5	9	8	3	10	8	8	x	6	1	2	x	5	4	4	9	9	7	11
1	x	x	x	x	x	x	x	x	x	x	x	x	x	x	x	x	x	x	x	x	x	x	x	x	x	x	x	x	x	x	x	x	x	x	x	x	x	x	x	x	x	x	x	x	x	x	x	x	x	x	x	x	x	x	x	x	x	x	x	x	x	x	x	x	x	x	x	x	x	x	x	x	x	x	x	x	x	x	x	x	x	x	x	x	x	x	x	x	x	x	x	x	x	x	x	x	x	x	x
13	11	4	5	5	7	11	4	7	3	5	4	9	9	7	x	5	2	1	6	11	2	10	6	11	3	2	5	12	4	6	1	6	5	7	8	2	6	6	1	5	5	7	10	3	8	3	5	3	1	3	x	7	2	6	2	8	9	4	8	9	4	8	4	x	x	5	1	4	1	4	1	4	1	7	6	2	4	6	1	8	2	6	5	6	7	11	11	x	3	4	3	x	2	1	1	6	6	4	8
17	15	2	9	1	3	15	2	11	3	9	8	13	13	11	x	1	4	5	10	15	6	14	2	15	7	4	9	16	2	10	5	10	9	3	4	4	10	10	5	9	9	3	14	3	12	3	1	7	5	3	x	11	4	2	6	12	13	2	4	13	2	12	8	x	5	x	5	8	5	8	5	2	5	11	10	6	2	10	5	12	4	2	1	10	3	15	15	x	3	8	7	x	4	5	5	2	2	2	4
13	11	4	5	5	7	11	4	7	3	5	4	9	9	7	x	5	2	1	6	11	2	10	6	11	3	2	5	12	4	6	1	6	5	7	8	2	6	6	1	5	5	7	10	3	8	3	5	3	1	3	x	7	2	6	2	8	9	4	8	9	4	8	4	x	1	5	x	4	1	4	1	4	1	7	6	2	4	6	1	8	2	6	5	6	7	11	11	x	3	4	3	x	2	1	1	6	6	4	8
10	8	7	2	8	10	8	7	4	6	2	1	6	6	4	x	8	5	4	3	8	3	7	9	8	2	5	2	9	7	3	4	3	2	10	11	5	3	3	4	2	2	10	7	6	5	6	8	2	4	6	x	4	5	9	3	5	6	7	11	6	7	5	1	x	4	8	4	x	4	1	4	7	4	4	3	3	7	3	4	5	5	9	8	3	10	8	8	x	6	1	2	x	5	4	4	9	9	7	11
13	11	4	5	5	7	11	4	7	3	5	4	9	9	7	x	5	2	1	6	11	2	10	6	11	3	2	5	12	4	6	1	6	5	7	8	2	6	6	1	5	5	7	10	3	8	3	5	3	1	3	x	7	2	6	2	8	9	4	8	9	4	8	4	x	1	5	1	4	x	4	1	4	1	7	6	2	4	6	1	8	2	6	5	6	7	11	11	x	3	4	3	x	2	1	1	6	6	4	8
10	8	7	2	8	10	8	7	4	6	2	1	6	6	4	x	8	5	4	3	8	3	7	9	8	2	5	2	9	7	3	4	3	2	10	11	5	3	3	4	2	2	10	7	6	5	6	8	2	4	6	x	4	5	9	3	5	6	7	11	6	7	5	1	x	4	8	4	1	4	x	4	7	4	4	3	3	7	3	4	5	5	9	8	3	10	8	8	x	6	1	2	x	5	4	4	9	9	7	11
13	11	4	5	5	7	11	4	7	3	5	4	9	9	7	x	5	2	1	6	11	2	10	6	11	3	2	5	12	4	6	1	6	5	7	8	2	6	6	1	5	5	7	10	3	8	3	5	3	1	3	x	7	2	6	2	8	9	4	8	9	4	8	4	x	1	5	1	4	1	4	x	4	1	7	6	2	4	6	1	8	2	6	5	6	7	11	11	x	3	4	3	x	2	1	1	6	6	4	8
16	14	1	8	2	4	14	1	10	2	8	7	12	12	10	x	2	3	4	9	14	5	13	3	14	6	3	8	15	1	9	4	9	8	4	5	3	9	9	4	8	8	4	13	2	11	2	2	6	4	2	x	10	3	3	5	11	12	1	5	12	1	11	7	x	4	2	4	7	4	7	4	x	4	10	9	5	1	9	4	11	3	3	2	9	4	14	14	x	2	7	6	x	3	4	4	3	3	1	5
13	11	4	5	5	7	11	4	7	3	5	4	9	9	7	x	5	2	1	6	11	2	10	6	11	3	2	5	12	4	6	1	6	5	7	8	2	6	6	1	5	5	7	10	3	8	3	5	3	1	3	x	7	2	6	2	8	9	4	8	9	4	8	4	x	1	5	1	4	1	4	1	4	x	7	6	2	4	6	1	8	2	6	5	6	7	11	11	x	3	4	3	x	2	1	1	6	6	4	8
7	5	10	3	11	13	5	10	1	9	3	4	3	3	1	x	11	8	7	2	5	6	4	12	5	5	8	3	6	10	2	7	2	3	13	14	8	2	2	7	3	3	13	4	9	2	9	11	5	7	9	x	1	8	12	6	2	3	10	14	3	10	2	4	x	7	11	7	4	7	4	7	10	7	x	2	6	10	2	7	2	8	12	11	2	13	5	5	x	9	4	5	x	8	7	7	12	12	10	14
8	6	9	2	10	12	6	9	2	8	2	3	4	4	2	x	10	7	6	1	6	5	5	11	6	4	7	2	7	9	1	6	1	2	12	13	7	1	1	6	2	2	12	5	8	3	8	10	4	6	8	x	2	7	11	5	3	4	9	13	4	9	3	3	x	6	10	6	3	6	3	6	9	6	2	x	5	9	1	6	3	7	11	10	1	12	6	6	x	8	3	4	x	7	6	6	11	11	9	13
12	10	5	4	6	8	10	5	6	4	4	3	8	8	6	x	6	3	2	5	10	1	9	7	10	2	3	4	11	5	5	2	5	4	8	9	3	5	5	2	4	4	8	9	4	7	4	6	2	2	4	x	6	3	7	1	7	8	5	9	8	5	7	3	x	2	6	2	3	2	3	2	5	2	6	5	x	5	5	2	7	3	7	6	5	8	10	10	x	4	3	2	x	3	2	2	7	7	5	9
16	14	1	8	2	4	14	1	10	2	8	7	12	12	10	x	2	3	4	9	14	5	13	3	14	6	3	8	15	1	9	4	9	8	4	5	3	9	9	4	8	8	4	13	2	11	2	2	6	4	2	x	10	3	3	5	11	12	1	5	12	1	11	7	x	4	2	4	7	4	7	4	1	4	10	9	5	x	9	4	11	3	3	2	9	4	14	14	x	2	7	6	x	3	4	4	3	3	1	5
8	6	9	2	10	12	6	9	2	8	2	3	4	4	2	x	10	7	6	1	6	5	5	11	6	4	7	2	7	9	1	6	1	2	12	13	7	1	1	6	2	2	12	5	8	3	8	10	4	6	8	x	2	7	11	5	3	4	9	13	4	9	3	3	x	6	10	6	3	6	3	6	9	6	2	1	5	9	x	6	3	7	11	10	1	12	6	6	x	8	3	4	x	7	6	6	11	11	9	13
13	11	4	5	5	7	11	4	7	3	5	4	9	9	7	x	5	2	1	6	11	2	10	6	11	3	2	5	12	4	6	1	6	5	7	8	2	6	6	1	5	5	7	10	3	8	3	5	3	1	3	x	7	2	6	2	8	9	4	8	9	4	8	4	x	1	5	1	4	1	4	1	4	1	7	6	2	4	6	x	8	2	6	5	6	7	11	11	x	3	4	3	x	2	1	1	6	6	4	8
6	4	11	4	12	14	4	11	2	10	4	5	2	2	2	x	12	9	8	3	4	7	3	13	4	6	9	4	5	11	3	8	3	4	14	15	9	3	3	8	4	4	14	3	10	1	10	12	6	8	10	x	2	9	13	7	1	2	11	15	2	11	1	5	x	8	12	8	5	8	5	8	11	8	2	3	7	11	3	8	x	9	13	12	3	14	4	4	x	10	5	6	x	9	8	8	13	13	11	15
14	12	3	6	4	6	12	3	8	2	6	5	10	10	8	x	4	1	2	7	12	3	11	5	12	4	1	6	13	3	7	2	7	6	6	7	1	7	7	2	6	6	6	11	2	9	2	4	4	2	2	x	8	1	5	3	9	10	3	7	10	3	9	5	x	2	4	2	5	2	5	2	3	2	8	7	3	3	7	2	9	x	5	4	7	6	12	12	x	2	5	4	x	1	2	2	5	5	3	7
18	16	3	10	2	2	16	3	12	4	10	9	14	14	12	x	2	5	6	11	16	7	15	1	16	8	5	10	17	3	11	6	11	10	2	3	5	11	11	6	10	10	2	15	4	13	4	2	8	6	4	x	12	5	1	7	13	14	3	3	14	3	13	9	x	6	2	6	9	6	9	6	3	6	12	11	7	3	11	6	13	5	x	2	11	2	16	16	x	4	9	8	x	5	6	6	1	1	3	3
17	15	2	9	1	3	15	2	11	3	9	8	13	13	11	x	1	4	5	10	15	6	14	2	15	7	4	9	16	2	10	5	10	9	3	4	4	10	10	5	9	9	3	14	3	12	3	1	7	5	3	x	11	4	2	6	12	13	2	4	13	2	12	8	x	5	1	5	8	5	8	5	2	5	11	10	6	2	10	5	12	4	2	x	10	3	15	15	x	3	8	7	x	4	5	5	2	2	2	4
8	6	9	2	10	12	6	9	2	8	2	3	4	4	2	x	10	7	6	1	6	5	5	11	6	4	7	2	7	9	1	6	1	2	12	13	7	1	1	6	2	2	12	5	8	3	8	10	4	6	8	x	2	7	11	5	3	4	9	13	4	9	3	3	x	6	10	6	3	6	3	6	9	6	2	1	5	9	1	6	3	7	11	10	x	12	6	6	x	8	3	4	x	7	6	6	11	11	9	13
19	17	4	11	3	1	17	4	13	5	11	10	15	15	13	x	3	6	7	12	17	8	16	2	17	9	6	11	18	4	12	7	12	11	1	2	6	12	12	7	11	11	1	16	5	14	5	3	9	7	5	x	13	6	2	8	14	15	4	2	15	4	14	10	x	7	3	7	10	7	10	7	4	7	13	12	8	4	12	7	14	6	2	3	12	x	17	17	x	5	10	9	x	6	7	7	2	2	4	2
3	1	14	7	15	17	1	14	5	13	7	8	3	3	5	x	15	12	11	6	1	10	2	16	1	9	12	7	2	14	6	11	6	7	17	18	12	6	6	11	7	7	17	2	13	4	13	15	9	11	13	x	5	12	16	10	4	3	14	18	3	14	4	8	x	11	15	11	8	11	8	11	14	11	5	6	10	14	6	11	4	12	16	15	6	17	x	1	x	13	8	9	x	12	11	11	16	16	14	18
3	1	14	7	15	17	1	14	5	13	7	8	3	3	5	x	15	12	11	6	1	10	2	16	1	9	12	7	2	14	6	11	6	7	17	18	12	6	6	11	7	7	17	2	13	4	13	15	9	11	13	x	5	12	16	10	4	3	14	18	3	14	4	8	x	11	15	11	8	11	8	11	14	11	5	6	10	14	6	11	4	12	16	15	6	17	1	x	x	13	8	9	x	12	11	11	16	16	14	18
1	x	x	x	x	x	x	x	x	x	x	x	x	x	x	x	x	x	x	x	x	x	x	x	x	x	x	x	x	x	x	x	x	x	x	x	x	x	x	x	x	x	x	x	x	x	x	x	x	x	x	x	x	x	x	x	x	x	x	x	x	x	x	x	x	x	x	x	x	x	x	x	x	x	x	x	x	x	x	x	x	x	x	x	x	x	x	x	x	x	x	x	x	x	x	x	x	x	x	x
15	13	2	7	3	5	13	2	9	1	7	6	11	11	9	x	3	2	3	8	13	4	12	4	13	5	2	7	14	2	8	3	8	7	5	6	2	8	8	3	7	7	5	12	1	10	1	3	5	3	1	x	9	2	4	4	10	11	2	6	11	2	10	6	x	3	3	3	6	3	6	3	2	3	9	8	4	2	8	3	10	2	4	3	8	5	13	13	x	x	6	5	x	2	3	3	4	4	2	6
10	8	7	2	8	10	8	7	4	6	2	1	6	6	4	x	8	5	4	3	8	3	7	9	8	2	5	2	9	7	3	4	3	2	10	11	5	3	3	4	2	2	10	7	6	5	6	8	2	4	6	x	4	5	9	3	5	6	7	11	6	7	5	1	x	4	8	4	1	4	1	4	7	4	4	3	3	7	3	4	5	5	9	8	3	10	8	8	x	6	x	2	x	5	4	4	9	9	7	11
11	9	6	3	7	9	9	6	5	5	3	2	7	7	5	x	7	4	3	4	9	2	8	8	9	1	4	3	10	6	4	3	4	3	9	10	4	4	4	3	3	3	9	8	5	6	5	7	1	3	5	x	5	4	8	2	6	7	6	10	7	6	6	2	x	3	7	3	2	3	2	3	6	3	5	4	2	6	4	3	6	4	8	7	4	9	9	9	x	5	2	x	x	4	3	3	8	8	6	10
1	x	x	x	x	x	x	x	x	x	x	x	x	x	x	x	x	x	x	x	x	x	x	x	x	x	x	x	x	x	x	x	x	x	x	x	x	x	x	x	x	x	x	x	x	x	x	x	x	x	x	x	x	x	x	x	x	x	x	x	x	x	x	x	x	x	x	x	x	x	x	x	x	x	x	x	x	x	x	x	x	x	x	x	x	x	x	x	x	x	x	x	x	x	x	x	x	x	x	x
14	12	3	6	4	6	12	3	8	2	6	5	10	10	8	x	4	1	2	7	12	3	11	5	12	4	1	6	13	3	7	2	7	6	6	7	1	7	7	2	6	6	6	11	2	9	2	4	4	2	2	x	8	1	5	3	9	10	3	7	10	3	9	5	x	2	4	2	5	2	5	2	3	2	8	7	3	3	7	2	9	1	5	4	7	6	12	12	x	2	5	4	x	x	2	2	5	5	3	7
13	11	4	5	5	7	11	4	7	3	5	4	9	9	7	x	5	2	1	6	11	2	10	6	11	3	2	5	12	4	6	1	6	5	7	8	2	6	6	1	5	5	7	10	3	8	3	5	3	1	3	x	7	2	6	2	8	9	4	8	9	4	8	4	x	1	5	1	4	1	4	1	4	1	7	6	2	4	6	1	8	2	6	5	6	7	11	11	x	3	4	3	x	2	x	1	6	6	4	8
13	11	4	5	5	7	11	4	7	3	5	4	9	9	7	x	5	2	1	6	11	2	10	6	11	3	2	5	12	4	6	1	6	5	7	8	2	6	6	1	5	5	7	10	3	8	3	5	3	1	3	x	7	2	6	2	8	9	4	8	9	4	8	4	x	1	5	1	4	1	4	1	4	1	7	6	2	4	6	1	8	2	6	5	6	7	11	11	x	3	4	3	x	2	1	x	6	6	4	8
18	16	3	10	2	2	16	3	12	4	10	9	14	14	12	x	2	5	6	11	16	7	15	1	16	8	5	10	17	3	11	6	11	10	2	3	5	11	11	6	10	10	2	15	4	13	4	2	8	6	4	x	12	5	1	7	13	14	3	3	14	3	13	9	x	6	2	6	9	6	9	6	3	6	12	11	7	3	11	6	13	5	1	2	11	2	16	16	x	4	9	8	x	5	6	6	x	1	3	3
18	16	3	10	2	2	16	3	12	4	10	9	14	14	12	x	2	5	6	11	16	7	15	1	16	8	5	10	17	3	11	6	11	10	2	3	5	11	11	6	10	10	2	15	4	13	4	2	8	6	4	x	12	5	1	7	13	14	3	3	14	3	13	9	x	6	2	6	9	6	9	6	3	6	12	11	7	3	11	6	13	5	1	2	11	2	16	16	x	4	9	8	x	5	6	6	1	x	3	3
16	14	1	8	2	4	14	1	10	2	8	7	12	12	10	x	2	3	4	9	14	5	13	3	14	6	3	8	15	1	9	4	9	8	4	5	3	9	9	4	8	8	4	13	2	11	2	2	6	4	2	x	10	3	3	5	11	12	1	5	12	1	11	7	x	4	2	4	7	4	7	4	1	4	10	9	5	1	9	4	11	3	3	2	9	4	14	14	x	2	7	6	x	3	4	4	3	3	x	5
20	18	5	12	4	2	18	5	14	6	12	11	16	16	14	x	4	7	8	13	18	9	17	3	18	10	7	12	19	5	13	8	13	12	2	1	7	13	13	8	12	12	2	17	6	15	6	4	10	8	6	x	14	7	3	9	15	16	5	1	16	5	15	11	x	8	4	8	11	8	11	8	5	8	14	13	9	5	13	8	15	7	3	4	13	2	18	18	x	6	11	10	x	7	8	8	3	3	5	x
