200
39
W_k_k_y_k_k_f I_b_y_r_h_q Z_k_x_h_n_b H_p_u_y_z_s Z_d_s_g V_x_t I_g_e_p D_y_t_y_p N_w_e_c_l_s F_i_v U_v_c_r_i D_k_f_e_l_p P_b_d_a_d G_z_c_x_j_l I_b_o_v_i_h U_o_x_s_v S_t_p_m E_u_w B_x_r_w_j_a J_x_d_b L_h_w_m_y O_a_q_q_s N_q_w_r Z_k_r_l_j_w Z_y_h Z_d_k_j_u N_h_n Q_b_f_l_f_r K_d_q K_l_o_w_q_w_c B_w_l_p_s_l P_g_v_r_c_n_l W_u_f_e W_h_b_m_s F_u_y_k_k T_b_b_i_o_t F_g_g_o W_t_k_w_u_v_z V_p_s_f_e O_l_c_o_a_x_o A_p_y_l_x_s W_t_s_r_w_u E_i_o_t_l I_e_i_e T_v_u_d_g P_n_s_w L_c_v_d_b_a N_b_l Z_e_z_i_j_w A_l_d_v_d_d S_i_c_e_x O_b_t M_n_f Z_j_p_r_k_e_o F_b_w_c I_p_u_w E_e_f_h_w S_r_p_g_e_f Z_e_a_u Y_o_j_k_k_k A_p_m_o Q_e_j N_t_s R_s_y_z_t_t_o Q_y_v_a V_y_v_g Y_p_t_n B_u_f_c_e_j_d H_t_q_u Z_f_z_e_c_f M_e_s_t_s B_f_j_s_n R_g_h_y_f_d M_i_l_r Z_z_e_n_x_o_h B_j_m_h M_d_v_x_v_w_v J_a_q_k_w_g C_d_q J_n_h_m_c_w_u M_i_z_x T_u_z L_n_g_q_c_j D_q_w_i_j_t U_v_l_f X_z_t_o Q_z_s_x W_m_q_t_y_m_a M_s_d_v O_k_u_h_r_u_r Y_k_a_f_t Y_p_m E_g_f_o_d_f B_c_e_i_p_k U_v_n_g_p_z D_u_s G_u_i_d_w_x_n L_e_d G_p_s T_b_b_j_k F_r_k L_i_e_s O_f_u_y_h_a E_c_h_f Z_x_t_q_w_k_g U_x_j B_j_u W_h_v_b K_e_k_c N_g_r R_z_q_m_y_f U_e_e C_h_y_m_i_q G_a_r_j_d X_r_e_g_j B_z_n_a_y_o M_t_g_o V_x_k_s L_x_u_r I_f_y_d_m D_a_m Y_j_f_z_k_t Z_n_b_u_c_j T_o_s_t Z_n_o_v_r D_c_r_a E_z_n_i H_p_y_m M_f_g_o_l_e_x D_l_r_q Z_a_i T_z_u_c_z_m_g H_g_t J_t_s_j_p_p V_l_u O_k_w_a_k_w_z I_p_w_h_f_q_t E_x_n_r_n_u_q N_t_t_g_n E_b_x_t_x_b_a R_t_w_e_l X_i_b_h_m R_b_j_v_n I_f_v_s_h Z_v_t_d_s_e Y_n_i_y C_j_o_f A_h_y_h_y_p N_w_c N_l_y_t_a_l_n V_u_s B_y_d_z C_u_q_u_a W_t_a_t_c_o_u S_r_c_u_l N_y_c V_e_h_o_s_z_y R_c_g_u_x_n S_a_g R_o_c_r_q_y A_d_e_a Y_r_h U_m_a_q_y B_g_d_p E_l_q_b_y P_g_v_u V_x_s_l F_j_p_u_g_w O_w_z_y_a L_z_m_p_o_p Z_y_y_h_r_a_m D_x_r_p_t_s_i B_p_p L_s_c_m_i_n_l Z_d_h_s_f_k_d J_j_y_e_k_j_v R_w_r_g_p W_z_l_j_e W_k_g_l G_i_u_k_x_g_h Z_n_n_e D_h_l_v_t R_z_l Y_p_h_p W_j_u_j_o_c Q_l_r_n_m_n V_l_k D_w_x B_s_p_w_t_u H_c_l B_h_t S_k_z R_z_o X_i_r M_l_n_g_c_z U_e_v_g_y P_n_v I_l_i_r_o_s C_j_m_d_q V_o_x_f_z_c
Z_d_s_g V_x_t I_g_e_p D_y_t_y_p N_w_e_c_l_s F_i_v U_v_c_r_i D_k_f_e_l_p P_b_d_a_d G_z_c_x_j_l I_b_o_v_i_h U_o_x_s_v S_t_p_m E_u_w B_x_r_w_j_a J_x_d_b L_h_w_m_y O_a_q_q_s N_q_w_r Z_k_r_l_j_w Z_y_h Z_d_k_j_u N_h_n Q_b_f_l_f_r K_d_q K_l_o_w_q_w_c B_w_l_p_s_l P_g_v_r_c_n_l W_u_f_e W_h_b_m_s F_u_y_k_k T_b_b_i_o_t F_g_g_o W_t_k_w_u_v_z V_p_s_f_e O_l_c_o_a_x_o A_p_y_l_x_s W_t_s_r_w_u E_i_o_t_l
W_k_k_y_k_k_f
x	1	12	9	16	10	14	7	16	14	2	17	3	16	11	3	4	14	19	4	3	5	3	14	8	16	1	19	10	12	14	7	18	5	4	7	3	5	19	4	12	17	10	7	2	6	18	8	13	18	18	4	7	3	16	1	15	12	12	3	20	5	19	8	16	9	12	20	1	18	11	4	8	19	10	13	17	7	3	16	20	8	10	11	8	16	11	16	3	10	8	2	17	18	14	3	7	2	20	13	5	12	10	2	16	10	17	18	1	5	8	8	2	6	6	11	12	20	5	19	20	16	15	7	14	3	7	16	11	6	19	1	4	2	3	14	13	18	12	20	3	8	10	8	6	14	1	8	8	16	9	8	14	1	16	16	15	7	10	18	20	18	10	8	17	14	15	9	6	6	2	9	8	4	4	6	12	17	12	16	16	10	5	9	2	10	10	15	11	14	10	3	12	7	19	5	1	1	10	6
1	x	x	x	x	x	x	x	x	x	x	x	x	x	x	x	x	x	x	x	x	x	x	x	x	x	x	x	x	x	x	x	x	x	x	x	x	x	x	x	x	x	x	x	x	x	x	x	x	x	x	x	x	x	x	x	x	x	x	x	x	x	x	x	x	x	x	x	x	x	x	x	x	x	x	x	x	x	x	x	x	x	x	x	x	x	x	x	x	x	x	x	x	x	x	x	x	x	x	x	x	x	x	x	x	x	x	x	x	x	x	x	x	x	x	x	x	x	x	x	x	x	x	x	x	x	x	x	x	x	x	x	x	x	x	x	x	x	x	x	x	x	x	x	x	x	x	x	x	x	x	x	x	x	x	x	x	x	x	x	x	x	x	x	x	x	x	x	x	x	x	x	x	x	x	x	x	x	x	x	x	x	x	x	x	x	x	x	x	x	x	x	x	x	x	x	x	x	x	x
12	x	x	4	5	3	3	6	5	3	11	6	10	5	2	10	9	3	8	9	10	8	10	3	5	5	x	8	3	1	3	6	7	8	9	6	10	8	8	9	1	6	3	6	11	7	7	5	2	7	7	9	6	10	5	x	4	1	1	10	9	8	8	5	5	4	1	9	x	7	2	9	5	8	3	2	6	6	10	5	9	5	3	2	5	5	2	5	10	3	5	11	6	7	3	10	6	11	9	2	8	1	3	11	5	3	6	7	x	8	5	5	11	7	7	2	1	9	8	8	9	5	4	6	3	10	6	5	2	7	8	x	9	11	10	3	2	7	1	9	10	5	3	5	7	3	x	5	5	5	4	5	3	x	5	5	4	6	3	7	9	7	3	5	6	3	4	4	7	7	11	4	5	9	9	7	1	6	1	5	5	3	8	4	11	3	3	4	2	3	3	10	1	6	8	8	x	x	3	7
9	x	4	x	8	2	6	3	8	6	8	9	7	8	3	7	6	6	11	6	7	5	7	6	2	8	x	11	2	4	6	3	10	5	6	3	7	5	11	6	4	9	2	3	8	4	10	2	5	10	10	6	3	7	8	x	7	4	4	7	12	5	11	2	8	1	4	12	x	10	3	6	2	11	2	5	9	3	7	8	12	2	2	3	2	8	3	8	7	2	2	8	9	10	6	7	3	8	12	5	5	4	2	8	8	2	9	10	x	5	2	2	8	4	4	3	4	12	5	11	12	8	7	3	6	7	3	8	3	4	11	x	6	8	7	6	5	10	4	12	7	2	2	2	4	6	x	2	2	8	1	2	6	x	8	8	7	3	2	10	12	10	2	2	9	6	7	1	4	4	8	1	2	6	6	4	4	9	4	8	8	2	5	1	8	2	2	7	3	6	2	7	4	3	11	5	x	x	2	4
16	x	5	8	x	7	3	10	1	3	15	2	14	1	6	14	13	3	4	13	14	12	14	3	9	1	x	4	7	5	3	10	3	12	13	10	14	12	4	13	5	2	7	10	15	11	3	9	4	3	3	13	10	14	1	x	2	5	5	14	5	12	4	9	1	8	5	5	x	3	6	13	9	4	7	4	2	10	14	1	5	9	7	6	9	1	6	1	14	7	9	15	2	3	3	14	10	15	5	4	12	5	7	15	1	7	2	3	x	12	9	9	15	11	11	6	5	5	12	4	5	1	2	10	3	14	10	1	6	11	4	x	13	15	14	3	4	3	5	5	14	9	7	9	11	3	x	9	9	1	8	9	3	x	1	1	2	10	7	3	5	3	7	9	2	3	2	8	11	11	15	8	9	13	13	11	5	2	5	1	1	7	12	8	15	7	7	2	6	3	7	14	5	10	4	12	x	x	7	11
10	x	3	2	7	x	5	4	7	5	9	8	8	7	2	8	7	5	10	7	8	6	8	5	3	7	x	10	1	3	5	4	9	6	7	4	8	6	10	7	3	8	1	4	9	5	9	3	4	9	9	7	4	8	7	x	6	3	3	8	11	6	10	3	7	2	3	11	x	9	2	7	3	10	1	4	8	4	8	7	11	3	1	2	3	7	2	7	8	1	3	9	8	9	5	8	4	9	11	4	6	3	1	9	7	1	8	9	x	6	3	3	9	5	5	2	3	11	6	10	11	7	6	4	5	8	4	7	2	5	10	x	7	9	8	5	4	9	3	11	8	3	1	3	5	5	x	3	3	7	2	3	5	x	7	7	6	4	1	9	11	9	1	3	8	5	6	2	5	5	9	2	3	7	7	5	3	8	3	7	7	1	6	2	9	1	1	6	2	5	1	8	3	4	10	6	x	x	1	5
14	x	3	6	3	5	x	8	3	1	13	4	12	3	4	12	11	1	6	11	12	10	12	1	7	3	x	6	5	3	1	8	5	10	11	8	12	10	6	11	3	4	5	8	13	9	5	7	2	5	5	11	8	12	3	x	2	3	3	12	7	10	6	7	3	6	3	7	x	5	4	11	7	6	5	2	4	8	12	3	7	7	5	4	7	3	4	3	12	5	7	13	4	5	1	12	8	13	7	2	10	3	5	13	3	5	4	5	x	10	7	7	13	9	9	4	3	7	10	6	7	3	2	8	1	12	8	3	4	9	6	x	11	13	12	1	2	5	3	7	12	7	5	7	9	1	x	7	7	3	6	7	1	x	3	3	2	8	5	5	7	5	5	7	4	1	2	6	9	9	13	6	7	11	11	9	3	4	3	3	3	5	10	6	13	5	5	2	4	1	5	12	3	8	6	10	x	x	5	9
7	x	6	3	10	4	8	x	10	8	6	11	5	10	5	5	4	8	13	4	5	3	5	8	2	10	x	13	4	6	8	1	12	3	4	1	5	3	13	4	6	11	4	1	6	2	12	2	7	12	12	4	1	5	10	x	9	6	6	5	14	3	13	2	10	3	6	14	x	12	5	4	2	13	4	7	11	1	5	10	14	2	4	5	2	10	5	10	5	4	2	6	11	12	8	5	1	6	14	7	3	6	4	6	10	4	11	12	x	3	2	2	6	2	2	5	6	14	3	13	14	10	9	1	8	5	1	10	5	2	13	x	4	6	5	8	7	12	6	14	5	2	4	2	2	8	x	2	2	10	3	2	8	x	10	10	9	1	4	12	14	12	4	2	11	8	9	3	2	2	6	3	2	4	4	2	6	11	6	10	10	4	3	3	6	4	4	9	5	8	4	5	6	1	13	3	x	x	4	2
16	x	5	8	1	7	3	10	x	3	15	2	14	1	6	14	13	3	4	13	14	12	14	3	9	1	x	4	7	5	3	10	3	12	13	10	14	12	4	13	5	2	7	10	15	11	3	9	4	3	3	13	10	14	1	x	2	5	5	14	5	12	4	9	1	8	5	5	x	3	6	13	9	4	7	4	2	10	14	1	5	9	7	6	9	1	6	1	14	7	9	15	2	3	3	14	10	15	5	4	12	5	7	15	1	7	2	3	x	12	9	9	15	11	11	6	5	5	12	4	5	1	2	10	3	14	10	1	6	11	4	x	13	15	14	3	4	3	5	5	14	9	7	9	11	3	x	9	9	1	8	9	3	x	1	1	2	10	7	3	5	3	7	9	2	3	2	8	11	11	15	8	9	13	13	11	5	2	5	1	1	7	12	8	15	7	7	2	6	3	7	14	5	10	4	12	x	x	7	11
14	x	3	6	3	5	1	8	3	x	13	4	12	3	4	12	11	1	6	11	12	10	12	1	7	3	x	6	5	3	1	8	5	10	11	8	12	10	6	11	3	4	5	8	13	9	5	7	2	5	5	11	8	12	3	x	2	3	3	12	7	10	6	7	3	6	3	7	x	5	4	11	7	6	5	2	4	8	12	3	7	7	5	4	7	3	4	3	12	5	7	13	4	5	1	12	8	13	7	2	10	3	5	13	3	5	4	5	x	10	7	7	13	9	9	4	3	7	10	6	7	3	2	8	1	12	8	3	4	9	6	x	11	13	12	1	2	5	3	7	12	7	5	7	9	1	x	7	7	3	6	7	1	x	3	3	2	8	5	5	7	5	5	7	4	1	2	6	9	9	13	6	7	11	11	9	3	4	3	3	3	5	10	6	13	5	5	2	4	1	5	12	3	8	6	10	x	x	5	9
2	x	11	8	15	9	13	6	15	13	x	16	2	15	10	2	3	13	18	3	2	4	2	13	7	15	x	18	9	11	13	6	17	4	3	6	2	4	18	3	11	16	9	6	1	5	17	7	12	17	17	3	6	2	15	x	14	11	11	2	19	4	18	7	15	8	11	19	x	17	10	3	7	18	9	12	16	6	2	15	19	7	9	10	7	15	10	15	2	9	7	1	16	17	13	2	6	1	19	12	4	11	9	1	15	9	16	17	x	4	7	7	1	5	5	10	11	19	4	18	19	15	14	6	13	2	6	15	10	5	18	x	3	1	2	13	12	17	11	19	2	7	9	7	5	13	x	7	7	15	8	7	13	x	15	15	14	6	9	17	19	17	9	7	16	13	14	8	5	5	1	8	7	3	3	5	11	16	11	15	15	9	4	8	1	9	9	14	10	13	9	2	11	6	18	4	x	x	9	5
17	x	6	9	2	8	4	11	2	4	16	x	15	2	7	15	14	4	3	14	15	13	15	4	10	2	x	3	8	6	4	11	2	13	14	11	15	13	3	14	6	1	8	11	16	12	2	10	5	2	2	14	11	15	2	x	3	6	6	15	4	13	3	10	2	9	6	4	x	2	7	14	10	3	8	5	1	11	15	2	4	10	8	7	10	2	7	2	15	8	10	16	1	2	4	15	11	16	4	5	13	6	8	16	2	8	1	2	x	13	10	10	16	12	12	7	6	4	13	3	4	2	3	11	4	15	11	2	7	12	3	x	14	16	15	4	5	2	6	4	15	10	8	10	12	4	x	10	10	2	9	10	4	x	2	2	3	11	8	2	4	2	8	10	1	4	3	9	12	12	16	9	10	14	14	12	6	1	6	2	2	8	13	9	16	8	8	3	7	4	8	15	6	11	3	13	x	x	8	12
3	x	10	7	14	8	12	5	14	12	2	15	x	14	9	1	2	12	17	2	1	3	1	12	6	14	x	17	8	10	12	5	16	3	2	5	1	3	17	2	10	15	8	5	2	4	16	6	11	16	16	2	5	1	14	x	13	10	10	1	18	3	17	6	14	7	10	18	x	16	9	2	6	17	8	11	15	5	1	14	18	6	8	9	6	14	9	14	1	8	6	2	15	16	12	1	5	2	18	11	3	10	8	2	14	8	15	16	x	3	6	6	2	4	4	9	10	18	3	17	18	14	13	5	12	1	5	14	9	4	17	x	2	2	1	12	11	16	10	18	1	6	8	6	4	12	x	6	6	14	7	6	12	x	14	14	13	5	8	16	18	16	8	6	15	12	13	7	4	4	2	7	6	2	2	4	10	15	10	14	14	8	3	7	2	8	8	13	9	12	8	1	10	5	17	3	x	x	8	4
16	x	5	8	1	7	3	10	1	3	15	2	14	x	6	14	13	3	4	13	14	12	14	3	9	1	x	4	7	5	3	10	3	12	13	10	14	12	4	13	5	2	7	10	15	11	3	9	4	3	3	13	10	14	1	x	2	5	5	14	5	12	4	9	1	8	5	5	x	3	6	13	9	4	7	4	2	10	14	1	5	9	7	6	9	1	6	1	14	7	9	15	2	3	3	14	10	15	5	4	12	5	7	15	1	7	2	3	x	12	9	9	15	11	11	6	5	5	12	4	5	1	2	10	3	14	10	1	6	11	4	x	13	15	14	3	4	3	5	5	14	9	7	9	11	3	x	9	9	1	8	9	3	x	1	1	2	10	7	3	5	3	7	9	2	3	2	8	11	11	15	8	9	13	13	11	5	2	5	1	1	7	12	8	15	7	7	2	6	3	7	14	5	10	4	12	x	x	7	11
11	x	2	3	6	2	4	5	6	4	10	7	9	6	x	9	8	4	9	8	9	7	9	4	4	6	x	9	2	2	4	5	8	7	8	5	9	7	9	8	2	7	2	5	10	6	8	4	3	8	8	8	5	9	6	x	5	2	2	9	10	7	9	4	6	3	2	10	x	8	1	8	4	9	2	3	7	5	9	6	10	4	2	1	4	6	1	6	9	2	4	10	7	8	4	9	5	10	10	3	7	2	2	10	6	2	7	8	x	7	4	4	10	6	6	1	2	10	7	9	10	6	5	5	4	9	5	6	1	6	9	x	8	10	9	4	3	8	2	10	9	4	2	4	6	4	x	4	4	6	3	4	4	x	6	6	5	5	2	8	10	8	2	4	7	4	5	3	6	6	10	3	4	8	8	6	2	7	2	6	6	2	7	3	10	2	2	5	1	4	2	9	2	5	9	7	x	x	2	6
3	x	10	7	14	8	12	5	14	12	2	15	1	14	9	x	2	12	17	2	1	3	1	12	6	14	x	17	8	10	12	5	16	3	2	5	1	3	17	2	10	15	8	5	2	4	16	6	11	16	16	2	5	1	14	x	13	10	10	1	18	3	17	6	14	7	10	18	x	16	9	2	6	17	8	11	15	5	1	14	18	6	8	9	6	14	9	14	1	8	6	2	15	16	12	1	5	2	18	11	3	10	8	2	14	8	15	16	x	3	6	6	2	4	4	9	10	18	3	17	18	14	13	5	12	1	5	14	9	4	17	x	2	2	1	12	11	16	10	18	1	6	8	6	4	12	x	6	6	14	7	6	12	x	14	14	13	5	8	16	18	16	8	6	15	12	13	7	4	4	2	7	6	2	2	4	10	15	10	14	14	8	3	7	2	8	8	13	9	12	8	1	10	5	17	3	x	x	8	4
4	x	9	6	13	7	11	4	13	11	3	14	2	13	8	2	x	11	16	1	2	2	2	11	5	13	x	16	7	9	11	4	15	2	1	4	2	2	16	1	9	14	7	4	3	3	15	5	10	15	15	1	4	2	13	x	12	9	9	2	17	2	16	5	13	6	9	17	x	15	8	1	5	16	7	10	14	4	2	13	17	5	7	8	5	13	8	13	2	7	5	3	14	15	11	2	4	3	17	10	2	9	7	3	13	7	14	15	x	2	5	5	3	3	3	8	9	17	2	16	17	13	12	4	11	2	4	13	8	3	16	x	1	3	2	11	10	15	9	17	2	5	7	5	3	11	x	5	5	13	6	5	11	x	13	13	12	4	7	15	17	15	7	5	14	11	12	6	3	3	3	6	5	1	1	3	9	14	9	13	13	7	2	6	3	7	7	12	8	11	7	2	9	4	16	2	x	x	7	3
14	x	3	6	3	5	1	8	3	1	13	4	12	3	4	12	11	x	6	11	12	10	12	1	7	3	x	6	5	3	1	8	5	10	11	8	12	10	6	11	3	4	5	8	13	9	5	7	2	5	5	11	8	12	3	x	2	3	3	12	7	10	6	7	3	6	3	7	x	5	4	11	7	6	5	2	4	8	12	3	7	7	5	4	7	3	4	3	12	5	7	13	4	5	1	12	8	13	7	2	10	3	5	13	3	5	4	5	x	10	7	7	13	9	9	4	3	7	10	6	7	3	2	8	1	12	8	3	4	9	6	x	11	13	12	1	2	5	3	7	12	7	5	7	9	1	x	7	7	3	6	7	1	x	3	3	2	8	5	5	7	5	5	7	4	1	2	6	9	9	13	6	7	11	11	9	3	4	3	3	3	5	10	6	13	5	5	2	4	1	5	12	3	8	6	10	x	x	5	9
19	x	8	11	4	10	6	13	4	6	18	3	17	4	9	17	16	6	x	16	17	15	17	6	12	4	x	1	10	8	6	13	2	15	16	13	17	15	1	16	8	3	10	13	18	14	2	12	7	2	2	16	13	17	4	x	5	8	8	17	2	15	1	12	4	11	8	2	x	2	9	16	12	1	10	7	3	13	17	4	2	12	10	9	12	4	9	4	17	10	12	18	3	2	6	17	13	18	2	7	15	8	10	18	4	10	3	2	x	15	12	12	18	14	14	9	8	2	15	1	2	4	5	13	6	17	13	4	9	14	1	x	16	18	17	6	7	2	8	2	17	12	10	12	14	6	x	12	12	4	11	12	6	x	4	4	5	13	10	2	2	2	10	12	3	6	5	11	14	14	18	11	12	16	16	14	8	3	8	4	4	10	15	11	18	10	10	5	9	6	10	17	8	13	1	15	x	x	10	14
4	x	9	6	13	7	11	4	13	11	3	14	2	13	8	2	1	11	16	x	2	2	2	11	5	13	x	16	7	9	11	4	15	2	1	4	2	2	16	1	9	14	7	4	3	3	15	5	10	15	15	1	4	2	13	x	12	9	9	2	17	2	16	5	13	6	9	17	x	15	8	1	5	16	7	10	14	4	2	13	17	5	7	8	5	13	8	13	2	7	5	3	14	15	11	2	4	3	17	10	2	9	7	3	13	7	14	15	x	2	5	5	3	3	3	8	9	17	2	16	17	13	12	4	11	2	4	13	8	3	16	x	1	3	2	11	10	15	9	17	2	5	7	5	3	11	x	5	5	13	6	5	11	x	13	13	12	4	7	15	17	15	7	5	14	11	12	6	3	3	3	6	5	1	1	3	9	14	9	13	13	7	2	6	3	7	7	12	8	11	7	2	9	4	16	2	x	x	7	3
3	x	10	7	14	8	12	5	14	12	2	15	1	14	9	1	2	12	17	2	x	3	1	12	6	14	x	17	8	10	12	5	16	3	2	5	1	3	17	2	10	15	8	5	2	4	16	6	11	16	16	2	5	1	14	x	13	10	10	1	18	3	17	6	14	7	10	18	x	16	9	2	6	17	8	11	15	5	1	14	18	6	8	9	6	14	9	14	1	8	6	2	15	16	12	1	5	2	18	11	3	10	8	2	14	8	15	16	x	3	6	6	2	4	4	9	10	18	3	17	18	14	13	5	12	1	5	14	9	4	17	x	2	2	1	12	11	16	10	18	1	6	8	6	4	12	x	6	6	14	7	6	12	x	14	14	13	5	8	16	18	16	8	6	15	12	13	7	4	4	2	7	6	2	2	4	10	15	10	14	14	8	3	7	2	8	8	13	9	12	8	1	10	5	17	3	x	x	8	4
5	x	8	5	12	6	10	3	12	10	4	13	3	12	7	3	2	10	15	2	3	x	3	10	4	12	x	15	6	8	10	3	14	1	2	3	3	1	15	2	8	13	6	3	4	2	14	4	9	14	14	2	3	3	12	x	11	8	8	3	16	1	15	4	12	5	8	16	x	14	7	2	4	15	6	9	13	3	3	12	16	4	6	7	4	12	7	12	3	6	4	4	13	14	10	3	3	4	16	9	1	8	6	4	12	6	13	14	x	1	4	4	4	2	2	7	8	16	1	15	16	12	11	3	10	3	3	12	7	2	15	x	2	4	3	10	9	14	8	16	3	4	6	4	2	10	x	4	4	12	5	4	10	x	12	12	11	3	6	14	16	14	6	4	13	10	11	5	2	2	4	5	4	2	2	2	8	13	8	12	12	6	1	5	4	6	6	11	7	10	6	3	8	3	15	1	x	x	6	2
3	x	10	7	14	8	12	5	14	12	2	15	1	14	9	1	2	12	17	2	1	3	x	12	6	14	x	17	8	10	12	5	16	3	2	5	1	3	17	2	10	15	8	5	2	4	16	6	11	16	16	2	5	1	14	x	13	10	10	1	18	3	17	6	14	7	10	18	x	16	9	2	6	17	8	11	15	5	1	14	18	6	8	9	6	14	9	14	1	8	6	2	15	16	12	1	5	2	18	11	3	10	8	2	14	8	15	16	x	3	6	6	2	4	4	9	10	18	3	17	18	14	13	5	12	1	5	14	9	4	17	x	2	2	1	12	11	16	10	18	1	6	8	6	4	12	x	6	6	14	7	6	12	x	14	14	13	5	8	16	18	16	8	6	15	12	13	7	4	4	2	7	6	2	2	4	10	15	10	14	14	8	3	7	2	8	8	13	9	12	8	1	10	5	17	3	x	x	8	4
14	x	3	6	3	5	1	8	3	1	13	4	12	3	4	12	11	1	6	11	12	10	12	x	7	3	x	6	5	3	1	8	5	10	11	8	12	10	6	11	3	4	5	8	13	9	5	7	2	5	5	11	8	12	3	x	2	3	3	12	7	10	6	7	3	6	3	7	x	5	4	11	7	6	5	2	4	8	12	3	7	7	5	4	7	3	4	3	12	5	7	13	4	5	1	12	8	13	7	2	10	3	5	13	3	5	4	5	x	10	7	7	13	9	9	4	3	7	10	6	7	3	2	8	1	12	8	3	4	9	6	x	11	13	12	1	2	5	3	7	12	7	5	7	9	1	x	7	7	3	6	7	1	x	3	3	2	8	5	5	7	5	5	7	4	1	2	6	9	9	13	6	7	11	11	9	3	4	3	3	3	5	10	6	13	5	5	2	4	1	5	12	3	8	6	10	x	x	5	9
8	x	5	2	9	3	7	2	9	7	7	10	6	9	4	6	5	7	12	5	6	4	6	7	x	9	x	12	3	5	7	2	11	4	5	2	6	4	12	5	5	10	3	2	7	3	11	1	6	11	11	5	2	6	9	x	8	5	5	6	13	4	12	1	9	2	5	13	x	11	4	5	1	12	3	6	10	2	6	9	13	1	3	4	1	9	4	9	6	3	1	7	10	11	7	6	2	7	13	6	4	5	3	7	9	3	10	11	x	4	1	1	7	3	3	4	5	13	4	12	13	9	8	2	7	6	2	9	4	3	12	x	5	7	6	7	6	11	5	13	6	1	3	1	3	7	x	1	1	9	2	1	7	x	9	9	8	2	3	11	13	11	3	1	10	7	8	2	3	3	7	2	1	5	5	3	5	10	5	9	9	3	4	2	7	3	3	8	4	7	3	6	5	2	12	4	x	x	3	3
16	x	5	8	1	7	3	10	1	3	15	2	14	1	6	14	13	3	4	13	14	12	14	3	9	x	x	4	7	5	3	10	3	12	13	10	14	12	4	13	5	2	7	10	15	11	3	9	4	3	3	13	10	14	1	x	2	5	5	14	5	12	4	9	1	8	5	5	x	3	6	13	9	4	7	4	2	10	14	1	5	9	7	6	9	1	6	1	14	7	9	15	2	3	3	14	10	15	5	4	12	5	7	15	1	7	2	3	x	12	9	9	15	11	11	6	5	5	12	4	5	1	2	10	3	14	10	1	6	11	4	x	13	15	14	3	4	3	5	5	14	9	7	9	11	3	x	9	9	1	8	9	3	x	1	1	2	10	7	3	5	3	7	9	2	3	2	8	11	11	15	8	9	13	13	11	5	2	5	1	1	7	12	8	15	7	7	2	6	3	7	14	5	10	4	12	x	x	7	11
1	x	x	x	x	x	x	x	x	x	x	x	x	x	x	x	x	x	x	x	x	x	x	x	x	x	x	x	x	x	x	x	x	x	x	x	x	x	x	x	x	x	x	x	x	x	x	x	x	x	x	x	x	x	x	x	x	x	x	x	x	x	x	x	x	x	x	x	x	x	x	x	x	x	x	x	x	x	x	x	x	x	x	x	x	x	x	x	x	x	x	x	x	x	x	x	x	x	x	x	x	x	x	x	x	x	x	x	x	x	x	x	x	x	x	x	x	x	x	x	x	x	x	x	x	x	x	x	x	x	x	x	x	x	x	x	x	x	x	x	x	x	x	x	x	x	x	x	x	x	x	x	x	x	x	x	x	x	x	x	x	x	x	x	x	x	x	x	x	x	x	x	x	x	x	x	x	x	x	x	x	x	x	x	x	x	x	x	x	x	x	x	x	x	x	x	x	x	x	x
19	x	8	11	4	10	6	13	4	6	18	3	17	4	9	17	16	6	1	16	17	15	17	6	12	4	x	x	10	8	6	13	2	15	16	13	17	15	1	16	8	3	10	13	18	14	2	12	7	2	2	16	13	17	4	x	5	8	8	17	2	15	1	12	4	11	8	2	x	2	9	16	12	1	10	7	3	13	17	4	2	12	10	9	12	4	9	4	17	10	12	18	3	2	6	17	13	18	2	7	15	8	10	18	4	10	3	2	x	15	12	12	18	14	14	9	8	2	15	1	2	4	5	13	6	17	13	4	9	14	1	x	16	18	17	6	7	2	8	2	17	12	10	12	14	6	x	12	12	4	11	12	6	x	4	4	5	13	10	2	2	2	10	12	3	6	5	11	14	14	18	11	12	16	16	14	8	3	8	4	4	10	15	11	18	10	10	5	9	6	10	17	8	13	1	15	x	x	10	14
10	x	3	2	7	1	5	4	7	5	9	8	8	7	2	8	7	5	10	7	8	6	8	5	3	7	x	10	x	3	5	4	9	6	7	4	8	6	10	7	3	8	1	4	9	5	9	3	4	9	9	7	4	8	7	x	6	3	3	8	11	6	10	3	7	2	3	11	x	9	2	7	3	10	1	4	8	4	8	7	11	3	1	2	3	7	2	7	8	1	3	9	8	9	5	8	4	9	11	4	6	3	1	9	7	1	8	9	x	6	3	3	9	5	5	2	3	11	6	10	11	7	6	4	5	8	4	7	2	5	10	x	7	9	8	5	4	9	3	11	8	3	1	3	5	5	x	3	3	7	2	3	5	x	7	7	6	4	1	9	11	9	1	3	8	5	6	2	5	5	9	2	3	7	7	5	3	8	3	7	7	1	6	2	9	1	1	6	2	5	1	8	3	4	10	6	x	x	1	5
12	x	1	4	5	3	3	6	5	3	11	6	10	5	2	10	9	3	8	9	10	8	10	3	5	5	x	8	3	x	3	6	7	8	9	6	10	8	8	9	1	6	3	6	11	7	7	5	2	7	7	9	6	10	5	x	4	1	1	10	9	8	8	5	5	4	1	9	x	7	2	9	5	8	3	2	6	6	10	5	9	5	3	2	5	5	2	5	10	3	5	11	6	7	3	10	6	11	9	2	8	1	3	11	5	3	6	7	x	8	5	5	11	7	7	2	1	9	8	8	9	5	4	6	3	10	6	5	2	7	8	x	9	11	10	3	2	7	1	9	10	5	3	5	7	3	x	5	5	5	4	5	3	x	5	5	4	6	3	7	9	7	3	5	6	3	4	4	7	7	11	4	5	9	9	7	1	6	1	5	5	3	8	4	11	3	3	4	2	3	3	10	1	6	8	8	x	x	3	7
14	x	3	6	3	5	1	8	3	1	13	4	12	3	4	12	11	1	6	11	12	10	12	1	7	3	x	6	5	3	x	8	5	10	11	8	12	10	6	11	3	4	5	8	13	9	5	7	2	5	5	11	8	12	3	x	2	3	3	12	7	10	6	7	3	6	3	7	x	5	4	11	7	6	5	2	4	8	12	3	7	7	5	4	7	3	4	3	12	5	7	13	4	5	1	12	8	13	7	2	10	3	5	13	3	5	4	5	x	10	7	7	13	9	9	4	3	7	10	6	7	3	2	8	1	12	8	3	4	9	6	x	11	13	12	1	2	5	3	7	12	7	5	7	9	1	x	7	7	3	6	7	1	x	3	3	2	8	5	5	7	5	5	7	4	1	2	6	9	9	13	6	7	11	11	9	3	4	3	3	3	5	10	6	13	5	5	2	4	1	5	12	3	8	6	10	x	x	5	9
7	x	6	3	10	4	8	1	10	8	6	11	5	10	5	5	4	8	13	4	5	3	5	8	2	10	x	13	4	6	8	x	12	3	4	1	5	3	13	4	6	11	4	1	6	2	12	2	7	12	12	4	1	5	10	x	9	6	6	5	14	3	13	2	10	3	6	14	x	12	5	4	2	13	4	7	11	1	5	10	14	2	4	5	2	10	5	10	5	4	2	6	11	12	8	5	1	6	14	7	3	6	4	6	10	4	11	12	x	3	2	2	6	2	2	5	6	14	3	13	14	10	9	1	8	5	1	10	5	2	13	x	4	6	5	8	7	12	6	14	5	2	4	2	2	8	x	2	2	10	3	2	8	x	10	10	9	1	4	12	14	12	4	2	11	8	9	3	2	2	6	3	2	4	4	2	6	11	6	10	10	4	3	3	6	4	4	9	5	8	4	5	6	1	13	3	x	x	4	2
18	x	7	10	3	9	5	12	3	5	17	2	16	3	8	16	15	5	2	15	16	14	16	5	11	3	x	2	9	7	5	12	x	14	15	12	16	14	2	15	7	2	9	12	17	13	1	11	6	1	1	15	12	16	3	x	4	7	7	16	3	14	2	11	3	10	7	3	x	1	8	15	11	2	9	6	2	12	16	3	3	11	9	8	11	3	8	3	16	9	11	17	2	1	5	16	12	17	3	6	14	7	9	17	3	9	2	1	x	14	11	11	17	13	13	8	7	3	14	2	3	3	4	12	5	16	12	3	8	13	2	x	15	17	16	5	6	1	7	3	16	11	9	11	13	5	x	11	11	3	10	11	5	x	3	3	4	12	9	1	3	1	9	11	2	5	4	10	13	13	17	10	11	15	15	13	7	2	7	3	3	9	14	10	17	9	9	4	8	5	9	16	7	12	2	14	x	x	9	13
5	x	8	5	12	6	10	3	12	10	4	13	3	12	7	3	2	10	15	2	3	1	3	10	4	12	x	15	6	8	10	3	14	x	2	3	3	1	15	2	8	13	6	3	4	2	14	4	9	14	14	2	3	3	12	x	11	8	8	3	16	1	15	4	12	5	8	16	x	14	7	2	4	15	6	9	13	3	3	12	16	4	6	7	4	12	7	12	3	6	4	4	13	14	10	3	3	4	16	9	1	8	6	4	12	6	13	14	x	1	4	4	4	2	2	7	8	16	1	15	16	12	11	3	10	3	3	12	7	2	15	x	2	4	3	10	9	14	8	16	3	4	6	4	2	10	x	4	4	12	5	4	10	x	12	12	11	3	6	14	16	14	6	4	13	10	11	5	2	2	4	5	4	2	2	2	8	13	8	12	12	6	1	5	4	6	6	11	7	10	6	3	8	3	15	1	x	x	6	2
4	x	9	6	13	7	11	4	13	11	3	14	2	13	8	2	1	11	16	1	2	2	2	11	5	13	x	16	7	9	11	4	15	2	x	4	2	2	16	1	9	14	7	4	3	3	15	5	10	15	15	1	4	2	13	x	12	9	9	2	17	2	16	5	13	6	9	17	x	15	8	1	5	16	7	10	14	4	2	13	17	5	7	8	5	13	8	13	2	7	5	3	14	15	11	2	4	3	17	10	2	9	7	3	13	7	14	15	x	2	5	5	3	3	3	8	9	17	2	16	17	13	12	4	11	2	4	13	8	3	16	x	1	3	2	11	10	15	9	17	2	5	7	5	3	11	x	5	5	13	6	5	11	x	13	13	12	4	7	15	17	15	7	5	14	11	12	6	3	3	3	6	5	1	1	3	9	14	9	13	13	7	2	6	3	7	7	12	8	11	7	2	9	4	16	2	x	x	7	3
7	x	6	3	10	4	8	1	10	8	6	11	5	10	5	5	4	8	13	4	5	3	5	8	2	10	x	13	4	6	8	1	12	3	4	x	5	3	13	4	6	11	4	1	6	2	12	2	7	12	12	4	1	5	10	x	9	6	6	5	14	3	13	2	10	3	6	14	x	12	5	4	2	13	4	7	11	1	5	10	14	2	4	5	2	10	5	10	5	4	2	6	11	12	8	5	1	6	14	7	3	6	4	6	10	4	11	12	x	3	2	2	6	2	2	5	6	14	3	13	14	10	9	1	8	5	1	10	5	2	13	x	4	6	5	8	7	12	6	14	5	2	4	2	2	8	x	2	2	10	3	2	8	x	10	10	9	1	4	12	14	12	4	2	11	8	9	3	2	2	6	3	2	4	4	2	6	11	6	10	10	4	3	3	6	4	4	9	5	8	4	5	6	1	13	3	x	x	4	2
3	x	10	7	14	8	12	5	14	12	2	15	1	14	9	1	2	12	17	2	1	3	1	12	6	14	x	17	8	10	12	5	16	3	2	5	x	3	17	2	10	15	8	5	2	4	16	6	11	16	16	2	5	1	14	x	13	10	10	1	18	3	17	6	14	7	10	18	x	16	9	2	6	17	8	11	15	5	1	14	18	6	8	9	6	14	9	14	1	8	6	2	15	16	12	1	5	2	18	11	3	10	8	2	14	8	15	16	x	3	6	6	2	4	4	9	10	18	3	17	18	14	13	5	12	1	5	14	9	4	17	x	2	2	1	12	11	16	10	18	1	6	8	6	4	12	x	6	6	14	7	6	12	x	14	14	13	5	8	16	18	16	8	6	15	12	13	7	4	4	2	7	6	2	2	4	10	15	10	14	14	8	3	7	2	8	8	13	9	12	8	1	10	5	17	3	x	x	8	4
5	x	8	5	12	6	10	3	12	10	4	13	3	12	7	3	2	10	15	2	3	1	3	10	4	12	x	15	6	8	10	3	14	1	2	3	3	x	15	2	8	13	6	3	4	2	14	4	9	14	14	2	3	3	12	x	11	8	8	3	16	1	15	4	12	5	8	16	x	14	7	2	4	15	6	9	13	3	3	12	16	4	6	7	4	12	7	12	3	6	4	4	13	14	10	3	3	4	16	9	1	8	6	4	12	6	13	14	x	1	4	4	4	2	2	7	8	16	1	15	16	12	11	3	10	3	3	12	7	2	15	x	2	4	3	10	9	14	8	16	3	4	6	4	2	10	x	4	4	12	5	4	10	x	12	12	11	3	6	14	16	14	6	4	13	10	11	5	2	2	4	5	4	2	2	2	8	13	8	12	12	6	1	5	4	6	6	11	7	10	6	3	8	3	15	1	x	x	6	2
19	x	8	11	4	10	6	13	4	6	18	3	17	4	9	17	16	6	1	16	17	15	17	6	12	4	x	1	10	8	6	13	2	15	16	13	17	15	x	16	8	3	10	13	18	14	2	12	7	2	2	16	13	17	4	x	5	8	8	17	2	15	1	12	4	11	8	2	x	2	9	16	12	1	10	7	3	13	17	4	2	12	10	9	12	4	9	4	17	10	12	18	3	2	6	17	13	18	2	7	15	8	10	18	4	10	3	2	x	15	12	12	18	14	14	9	8	2	15	1	2	4	5	13	6	17	13	4	9	14	1	x	16	18	17	6	7	2	8	2	17	12	10	12	14	6	x	12	12	4	11	12	6	x	4	4	5	13	10	2	2	2	10	12	3	6	5	11	14	14	18	11	12	16	16	14	8	3	8	4	4	10	15	11	18	10	10	5	9	6	10	17	8	13	1	15	x	x	10	14
4	x	9	6	13	7	11	4	13	11	3	14	2	13	8	2	1	11	16	1	2	2	2	11	5	13	x	16	7	9	11	4	15	2	1	4	2	2	16	x	9	14	7	4	3	3	15	5	10	15	15	1	4	2	13	x	12	9	9	2	17	2	16	5	13	6	9	17	x	15	8	1	5	16	7	10	14	4	2	13	17	5	7	8	5	13	8	13	2	7	5	3	14	15	11	2	4	3	17	10	2	9	7	3	13	7	14	15	x	2	5	5	3	3	3	8	9	17	2	16	17	13	12	4	11	2	4	13	8	3	16	x	1	3	2	11	10	15	9	17	2	5	7	5	3	11	x	5	5	13	6	5	11	x	13	13	12	4	7	15	17	15	7	5	14	11	12	6	3	3	3	6	5	1	1	3	9	14	9	13	13	7	2	6	3	7	7	12	8	11	7	2	9	4	16	2	x	x	7	3
12	x	1	4	5	3	3	6	5	3	11	6	10	5	2	10	9	3	8	9	10	8	10	3	5	5	x	8	3	1	3	6	7	8	9	6	10	8	8	9	x	6	3	6	11	7	7	5	2	7	7	9	6	10	5	x	4	1	1	10	9	8	8	5	5	4	1	9	x	7	2	9	5	8	3	2	6	6	10	5	9	5	3	2	5	5	2	5	10	3	5	11	6	7	3	10	6	11	9	2	8	1	3	11	5	3	6	7	x	8	5	5	11	7	7	2	1	9	8	8	9	5	4	6	3	10	6	5	2	7	8	x	9	11	10	3	2	7	1	9	10	5	3	5	7	3	x	5	5	5	4	5	3	x	5	5	4	6	3	7	9	7	3	5	6	3	4	4	7	7	11	4	5	9	9	7	1	6	1	5	5	3	8	4	11	3	3	4	2	3	3	10	1	6	8	8	x	x	3	7
17	x	6	9	2	8	4	11	2	4	16	1	15	2	7	15	14	4	3	14	15	13	15	4	10	2	x	3	8	6	4	11	2	13	14	11	15	13	3	14	6	x	8	11	16	12	2	10	5	2	2	14	11	15	2	x	3	6	6	15	4	13	3	10	2	9	6	4	x	2	7	14	10	3	8	5	1	11	15	2	4	10	8	7	10	2	7	2	15	8	10	16	1	2	4	15	11	16	4	5	13	6	8	16	2	8	1	2	x	13	10	10	16	12	12	7	6	4	13	3	4	2	3	11	4	15	11	2	7	12	3	x	14	16	15	4	5	2	6	4	15	10	8	10	12	4	x	10	10	2	9	10	4	x	2	2	3	11	8	2	4	2	8	10	1	4	3	9	12	12	16	9	10	14	14	12	6	1	6	2	2	8	13	9	16	8	8	3	7	4	8	15	6	11	3	13	x	x	8	12
10	x	3	2	7	1	5	4	7	5	9	8	8	7	2	8	7	5	10	7	8	6	8	5	3	7	x	10	1	3	5	4	9	6	7	4	8	6	10	7	3	8	x	4	9	5	9	3	4	9	9	7	4	8	7	x	6	3	3	8	11	6	10	3	7	2	3	11	x	9	2	7	3	10	1	4	8	4	8	7	11	3	1	2	3	7	2	7	8	1	3	9	8	9	5	8	4	9	11	4	6	3	1	9	7	1	8	9	x	6	3	3	9	5	5	2	3	11	6	10	11	7	6	4	5	8	4	7	2	5	10	x	7	9	8	5	4	9	3	11	8	3	1	3	5	5	x	3	3	7	2	3	5	x	7	7	6	4	1	9	11	9	1	3	8	5	6	2	5	5	9	2	3	7	7	5	3	8	3	7	7	1	6	2	9	1	1	6	2	5	1	8	3	4	10	6	x	x	1	5
7	x	6	3	10	4	8	1	10	8	6	11	5	10	5	5	4	8	13	4	5	3	5	8	2	10	x	13	4	6	8	1	12	3	4	1	5	3	13	4	6	11	4	x	6	2	12	2	7	12	12	4	1	5	10	x	9	6	6	5	14	3	13	2	10	3	6	14	x	12	5	4	2	13	4	7	11	1	5	10	14	2	4	5	2	10	5	10	5	4	2	6	11	12	8	5	1	6	14	7	3	6	4	6	10	4	11	12	x	3	2	2	6	2	2	5	6	14	3	13	14	10	9	1	8	5	1	10	5	2	13	x	4	6	5	8	7	12	6	14	5	2	4	2	2	8	x	2	2	10	3	2	8	x	10	10	9	1	4	12	14	12	4	2	11	8	9	3	2	2	6	3	2	4	4	2	6	11	6	10	10	4	3	3	6	4	4	9	5	8	4	5	6	1	13	3	x	x	4	2
2	x	11	8	15	9	13	6	15	13	1	16	2	15	10	2	3	13	18	3	2	4	2	13	7	15	x	18	9	11	13	6	17	4	3	6	2	4	18	3	11	16	9	6	x	5	17	7	12	17	17	3	6	2	15	x	14	11	11	2	19	4	18	7	15	8	11	19	x	17	10	3	7	18	9	12	16	6	2	15	19	7	9	10	7	15	10	15	2	9	7	1	16	17	13	2	6	1	19	12	4	11	9	1	15	9	16	17	x	4	7	7	1	5	5	10	11	19	4	18	19	15	14	6	13	2	6	15	10	5	18	x	3	1	2	13	12	17	11	19	2	7	9	7	5	13	x	7	7	15	8	7	13	x	15	15	14	6	9	17	19	17	9	7	16	13	14	8	5	5	1	8	7	3	3	5	11	16	11	15	15	9	4	8	1	9	9	14	10	13	9	2	11	6	18	4	x	x	9	5
6	x	7	4	11	5	9	2	11	9	5	12	4	11	6	4	3	9	14	3	4	2	4	9	3	11	x	14	5	7	9	2	13	2	3	2	4	2	14	3	7	12	5	2	5	x	13	3	8	13	13	3	2	4	11	x	10	7	7	4	15	2	14	3	11	4	7	15	x	13	6	3	3	14	5	8	12	2	4	11	15	3	5	6	3	11	6	11	4	5	3	5	12	13	9	4	2	5	15	8	2	7	5	5	11	5	12	13	x	2	3	3	5	1	1	6	7	15	2	14	15	11	10	2	9	4	2	11	6	1	14	x	3	5	4	9	8	13	7	15	4	3	5	3	1	9	x	3	3	11	4	3	9	x	11	11	10	2	5	13	15	13	5	3	12	9	10	4	1	1	5	4	3	3	3	1	7	12	7	11	11	5	2	4	5	5	5	10	6	9	5	4	7	2	14	2	x	x	5	1
18	x	7	10	3	9	5	12	3	5	17	2	16	3	8	16	15	5	2	15	16	14	16	5	11	3	x	2	9	7	5	12	1	14	15	12	16	14	2	15	7	2	9	12	17	13	x	11	6	1	1	15	12	16	3	x	4	7	7	16	3	14	2	11	3	10	7	3	x	1	8	15	11	2	9	6	2	12	16	3	3	11	9	8	11	3	8	3	16	9	11	17	2	1	5	16	12	17	3	6	14	7	9	17	3	9	2	1	x	14	11	11	17	13	13	8	7	3	14	2	3	3	4	12	5	16	12	3	8	13	2	x	15	17	16	5	6	1	7	3	16	11	9	11	13	5	x	11	11	3	10	11	5	x	3	3	4	12	9	1	3	1	9	11	2	5	4	10	13	13	17	10	11	15	15	13	7	2	7	3	3	9	14	10	17	9	9	4	8	5	9	16	7	12	2	14	x	x	9	13
8	x	5	2	9	3	7	2	9	7	7	10	6	9	4	6	5	7	12	5	6	4	6	7	1	9	x	12	3	5	7	2	11	4	5	2	6	4	12	5	5	10	3	2	7	3	11	x	6	11	11	5	2	6	9	x	8	5	5	6	13	4	12	1	9	2	5	13	x	11	4	5	1	12	3	6	10	2	6	9	13	1	3	4	1	9	4	9	6	3	1	7	10	11	7	6	2	7	13	6	4	5	3	7	9	3	10	11	x	4	1	1	7	3	3	4	5	13	4	12	13	9	8	2	7	6	2	9	4	3	12	x	5	7	6	7	6	11	5	13	6	1	3	1	3	7	x	1	1	9	2	1	7	x	9	9	8	2	3	11	13	11	3	1	10	7	8	2	3	3	7	2	1	5	5	3	5	10	5	9	9	3	4	2	7	3	3	8	4	7	3	6	5	2	12	4	x	x	3	3
13	x	2	5	4	4	2	7	4	2	12	5	11	4	3	11	10	2	7	10	11	9	11	2	6	4	x	7	4	2	2	7	6	9	10	7	11	9	7	10	2	5	4	7	12	8	6	6	x	6	6	10	7	11	4	x	3	2	2	11	8	9	7	6	4	5	2	8	x	6	3	10	6	7	4	1	5	7	11	4	8	6	4	3	6	4	3	4	11	4	6	12	5	6	2	11	7	12	8	1	9	2	4	12	4	4	5	6	x	9	6	6	12	8	8	3	2	8	9	7	8	4	3	7	2	11	7	4	3	8	7	x	10	12	11	2	1	6	2	8	11	6	4	6	8	2	x	6	6	4	5	6	2	x	4	4	3	7	4	6	8	6	4	6	5	2	3	5	8	8	12	5	6	10	10	8	2	5	2	4	4	4	9	5	12	4	4	3	3	2	4	11	2	7	7	9	x	x	4	8
18	x	7	10	3	9	5	12	3	5	17	2	16	3	8	16	15	5	2	15	16	14	16	5	11	3	x	2	9	7	5	12	1	14	15	12	16	14	2	15	7	2	9	12	17	13	1	11	6	x	1	15	12	16	3	x	4	7	7	16	3	14	2	11	3	10	7	3	x	1	8	15	11	2	9	6	2	12	16	3	3	11	9	8	11	3	8	3	16	9	11	17	2	1	5	16	12	17	3	6	14	7	9	17	3	9	2	1	x	14	11	11	17	13	13	8	7	3	14	2	3	3	4	12	5	16	12	3	8	13	2	x	15	17	16	5	6	1	7	3	16	11	9	11	13	5	x	11	11	3	10	11	5	x	3	3	4	12	9	1	3	1	9	11	2	5	4	10	13	13	17	10	11	15	15	13	7	2	7	3	3	9	14	10	17	9	9	4	8	5	9	16	7	12	2	14	x	x	9	13
18	x	7	10	3	9	5	12	3	5	17	2	16	3	8	16	15	5	2	15	16	14	16	5	11	3	x	2	9	7	5	12	1	14	15	12	16	14	2	15	7	2	9	12	17	13	1	11	6	1	x	15	12	16	3	x	4	7	7	16	3	14	2	11	3	10	7	3	x	1	8	15	11	2	9	6	2	12	16	3	3	11	9	8	11	3	8	3	16	9	11	17	2	1	5	16	12	17	3	6	14	7	9	17	3	9	2	1	x	14	11	11	17	13	13	8	7	3	14	2	3	3	4	12	5	16	12	3	8	13	2	x	15	17	16	5	6	1	7	3	16	11	9	11	13	5	x	11	11	3	10	11	5	x	3	3	4	12	9	1	3	1	9	11	2	5	4	10	13	13	17	10	11	15	15	13	7	2	7	3	3	9	14	10	17	9	9	4	8	5	9	16	7	12	2	14	x	x	9	13
4	x	9	6	13	7	11	4	13	11	3	14	2	13	8	2	1	11	16	1	2	2	2	11	5	13	x	16	7	9	11	4	15	2	1	4	2	2	16	1	9	14	7	4	3	3	15	5	10	15	15	x	4	2	13	x	12	9	9	2	17	2	16	5	13	6	9	17	x	15	8	1	5	16	7	10	14	4	2	13	17	5	7	8	5	13	8	13	2	7	5	3	14	15	11	2	4	3	17	10	2	9	7	3	13	7	14	15	x	2	5	5	3	3	3	8	9	17	2	16	17	13	12	4	11	2	4	13	8	3	16	x	1	3	2	11	10	15	9	17	2	5	7	5	3	11	x	5	5	13	6	5	11	x	13	13	12	4	7	15	17	15	7	5	14	11	12	6	3	3	3	6	5	1	1	3	9	14	9	13	13	7	2	6	3	7	7	12	8	11	7	2	9	4	16	2	x	x	7	3
7	x	6	3	10	4	8	1	10	8	6	11	5	10	5	5	4	8	13	4	5	3	5	8	2	10	x	13	4	6	8	1	12	3	4	1	5	3	13	4	6	11	4	1	6	2	12	2	7	12	12	4	x	5	10	x	9	6	6	5	14	3	13	2	10	3	6	14	x	12	5	4	2	13	4	7	11	1	5	10	14	2	4	5	2	10	5	10	5	4	2	6	11	12	8	5	1	6	14	7	3	6	4	6	10	4	11	12	x	3	2	2	6	2	2	5	6	14	3	13	14	10	9	1	8	5	1	10	5	2	13	x	4	6	5	8	7	12	6	14	5	2	4	2	2	8	x	2	2	10	3	2	8	x	10	10	9	1	4	12	14	12	4	2	11	8	9	3	2	2	6	3	2	4	4	2	6	11	6	10	10	4	3	3	6	4	4	9	5	8	4	5	6	1	13	3	x	x	4	2
3	x	10	7	14	8	12	5	14	12	2	15	1	14	9	1	2	12	17	2	1	3	1	12	6	14	x	17	8	10	12	5	16	3	2	5	1	3	17	2	10	15	8	5	2	4	16	6	11	16	16	2	5	x	14	x	13	10	10	1	18	3	17	6	14	7	10	18	x	16	9	2	6	17	8	11	15	5	1	14	18	6	8	9	6	14	9	14	1	8	6	2	15	16	12	1	5	2	18	11	3	10	8	2	14	8	15	16	x	3	6	6	2	4	4	9	10	18	3	17	18	14	13	5	12	1	5	14	9	4	17	x	2	2	1	12	11	16	10	18	1	6	8	6	4	12	x	6	6	14	7	6	12	x	14	14	13	5	8	16	18	16	8	6	15	12	13	7	4	4	2	7	6	2	2	4	10	15	10	14	14	8	3	7	2	8	8	13	9	12	8	1	10	5	17	3	x	x	8	4
16	x	5	8	1	7	3	10	1	3	15	2	14	1	6	14	13	3	4	13	14	12	14	3	9	1	x	4	7	5	3	10	3	12	13	10	14	12	4	13	5	2	7	10	15	11	3	9	4	3	3	13	10	14	x	x	2	5	5	14	5	12	4	9	1	8	5	5	x	3	6	13	9	4	7	4	2	10	14	1	5	9	7	6	9	1	6	1	14	7	9	15	2	3	3	14	10	15	5	4	12	5	7	15	1	7	2	3	x	12	9	9	15	11	11	6	5	5	12	4	5	1	2	10	3	14	10	1	6	11	4	x	13	15	14	3	4	3	5	5	14	9	7	9	11	3	x	9	9	1	8	9	3	x	1	1	2	10	7	3	5	3	7	9	2	3	2	8	11	11	15	8	9	13	13	11	5	2	5	1	1	7	12	8	15	7	7	2	6	3	7	14	5	10	4	12	x	x	7	11
1	x	x	x	x	x	x	x	x	x	x	x	x	x	x	x	x	x	x	x	x	x	x	x	x	x	x	x	x	x	x	x	x	x	x	x	x	x	x	x	x	x	x	x	x	x	x	x	x	x	x	x	x	x	x	x	x	x	x	x	x	x	x	x	x	x	x	x	x	x	x	x	x	x	x	x	x	x	x	x	x	x	x	x	x	x	x	x	x	x	x	x	x	x	x	x	x	x	x	x	x	x	x	x	x	x	x	x	x	x	x	x	x	x	x	x	x	x	x	x	x	x	x	x	x	x	x	x	x	x	x	x	x	x	x	x	x	x	x	x	x	x	x	x	x	x	x	x	x	x	x	x	x	x	x	x	x	x	x	x	x	x	x	x	x	x	x	x	x	x	x	x	x	x	x	x	x	x	x	x	x	x	x	x	x	x	x	x	x	x	x	x	x	x	x	x	x	x	x	x
15	x	4	7	2	6	2	9	2	2	14	3	13	2	5	13	12	2	5	12	13	11	13	2	8	2	x	5	6	4	2	9	4	11	12	9	13	11	5	12	4	3	6	9	14	10	4	8	3	4	4	12	9	13	2	x	x	4	4	13	6	11	5	8	2	7	4	6	x	4	5	12	8	5	6	3	3	9	13	2	6	8	6	5	8	2	5	2	13	6	8	14	3	4	2	13	9	14	6	3	11	4	6	14	2	6	3	4	x	11	8	8	14	10	10	5	4	6	11	5	6	2	1	9	2	13	9	2	5	10	5	x	12	14	13	2	3	4	4	6	13	8	6	8	10	2	x	8	8	2	7	8	2	x	2	2	1	9	6	4	6	4	6	8	3	2	1	7	10	10	14	7	8	12	12	10	4	3	4	2	2	6	11	7	14	6	6	1	5	2	6	13	4	9	5	11	x	x	6	10
12	x	1	4	5	3	3	6	5	3	11	6	10	5	2	10	9	3	8	9	10	8	10	3	5	5	x	8	3	1	3	6	7	8	9	6	10	8	8	9	1	6	3	6	11	7	7	5	2	7	7	9	6	10	5	x	4	x	1	10	9	8	8	5	5	4	1	9	x	7	2	9	5	8	3	2	6	6	10	5	9	5	3	2	5	5	2	5	10	3	5	11	6	7	3	10	6	11	9	2	8	1	3	11	5	3	6	7	x	8	5	5	11	7	7	2	1	9	8	8	9	5	4	6	3	10	6	5	2	7	8	x	9	11	10	3	2	7	1	9	10	5	3	5	7	3	x	5	5	5	4	5	3	x	5	5	4	6	3	7	9	7	3	5	6	3	4	4	7	7	11	4	5	9	9	7	1	6	1	5	5	3	8	4	11	3	3	4	2	3	3	10	1	6	8	8	x	x	3	7
12	x	1	4	5	3	3	6	5	3	11	6	10	5	2	10	9	3	8	9	10	8	10	3	5	5	x	8	3	1	3	6	7	8	9	6	10	8	8	9	1	6	3	6	11	7	7	5	2	7	7	9	6	10	5	x	4	1	x	10	9	8	8	5	5	4	1	9	x	7	2	9	5	8	3	2	6	6	10	5	9	5	3	2	5	5	2	5	10	3	5	11	6	7	3	10	6	11	9	2	8	1	3	11	5	3	6	7	x	8	5	5	11	7	7	2	1	9	8	8	9	5	4	6	3	10	6	5	2	7	8	x	9	11	10	3	2	7	1	9	10	5	3	5	7	3	x	5	5	5	4	5	3	x	5	5	4	6	3	7	9	7	3	5	6	3	4	4	7	7	11	4	5	9	9	7	1	6	1	5	5	3	8	4	11	3	3	4	2	3	3	10	1	6	8	8	x	x	3	7
3	x	10	7	14	8	12	5	14	12	2	15	1	14	9	1	2	12	17	2	1	3	1	12	6	14	x	17	8	10	12	5	16	3	2	5	1	3	17	2	10	15	8	5	2	4	16	6	11	16	16	2	5	1	14	x	13	10	10	x	18	3	17	6	14	7	10	18	x	16	9	2	6	17	8	11	15	5	1	14	18	6	8	9	6	14	9	14	1	8	6	2	15	16	12	1	5	2	18	11	3	10	8	2	14	8	15	16	x	3	6	6	2	4	4	9	10	18	3	17	18	14	13	5	12	1	5	14	9	4	17	x	2	2	1	12	11	16	10	18	1	6	8	6	4	12	x	6	6	14	7	6	12	x	14	14	13	5	8	16	18	16	8	6	15	12	13	7	4	4	2	7	6	2	2	4	10	15	10	14	14	8	3	7	2	8	8	13	9	12	8	1	10	5	17	3	x	x	8	4
20	x	9	12	5	11	7	14	5	7	19	4	18	5	10	18	17	7	2	17	18	16	18	7	13	5	x	2	11	9	7	14	3	16	17	14	18	16	2	17	9	4	11	14	19	15	3	13	8	3	3	17	14	18	5	x	6	9	9	18	x	16	2	13	5	12	9	1	x	3	10	17	13	2	11	8	4	14	18	5	1	13	11	10	13	5	10	5	18	11	13	19	4	3	7	18	14	19	1	8	16	9	11	19	5	11	4	3	x	16	13	13	19	15	15	10	9	1	16	2	1	5	6	14	7	18	14	5	10	15	2	x	17	19	18	7	8	3	9	1	18	13	11	13	15	7	x	13	13	5	12	13	7	x	5	5	6	14	11	3	1	3	11	13	4	7	6	12	15	15	19	12	13	17	17	15	9	4	9	5	5	11	16	12	19	11	11	6	10	7	11	18	9	14	2	16	x	x	11	15
5	x	8	5	12	6	10	3	12	10	4	13	3	12	7	3	2	10	15	2	3	1	3	10	4	12	x	15	6	8	10	3	14	1	2	3	3	1	15	2	8	13	6	3	4	2	14	4	9	14	14	2	3	3	12	x	11	8	8	3	16	x	15	4	12	5	8	16	x	14	7	2	4	15	6	9	13	3	3	12	16	4	6	7	4	12	7	12	3	6	4	4	13	14	10	3	3	4	16	9	1	8	6	4	12	6	13	14	x	1	4	4	4	2	2	7	8	16	1	15	16	12	11	3	10	3	3	12	7	2	15	x	2	4	3	10	9	14	8	16	3	4	6	4	2	10	x	4	4	12	5	4	10	x	12	12	11	3	6	14	16	14	6	4	13	10	11	5	2	2	4	5	4	2	2	2	8	13	8	12	12	6	1	5	4	6	6	11	7	10	6	3	8	3	15	1	x	x	6	2
19	x	8	11	4	10	6	13	4	6	18	3	17	4	9	17	16	6	1	16	17	15	17	6	12	4	x	1	10	8	6	13	2	15	16	13	17	15	1	16	8	3	10	13	18	14	2	12	7	2	2	16	13	17	4	x	5	8	8	17	2	15	x	12	4	11	8	2	x	2	9	16	12	1	10	7	3	13	17	4	2	12	10	9	12	4	9	4	17	10	12	18	3	2	6	17	13	18	2	7	15	8	10	18	4	10	3	2	x	15	12	12	18	14	14	9	8	2	15	1	2	4	5	13	6	17	13	4	9	14	1	x	16	18	17	6	7	2	8	2	17	12	10	12	14	6	x	12	12	4	11	12	6	x	4	4	5	13	10	2	2	2	10	12	3	6	5	11	14	14	18	11	12	16	16	14	8	3	8	4	4	10	15	11	18	10	10	5	9	6	10	17	8	13	1	15	x	x	10	14
8	x	5	2	9	3	7	2	9	7	7	10	6	9	4	6	5	7	12	5	6	4	6	7	1	9	x	12	3	5	7	2	11	4	5	2	6	4	12	5	5	10	3	2	7	3	11	1	6	11	11	5	2	6	9	x	8	5	5	6	13	4	12	x	9	2	5	13	x	11	4	5	1	12	3	6	10	2	6	9	13	1	3	4	1	9	4	9	6	3	1	7	10	11	7	6	2	7	13	6	4	5	3	7	9	3	10	11	x	4	1	1	7	3	3	4	5	13	4	12	13	9	8	2	7	6	2	9	4	3	12	x	5	7	6	7	6	11	5	13	6	1	3	1	3	7	x	1	1	9	2	1	7	x	9	9	8	2	3	11	13	11	3	1	10	7	8	2	3	3	7	2	1	5	5	3	5	10	5	9	9	3	4	2	7	3	3	8	4	7	3	6	5	2	12	4	x	x	3	3
16	x	5	8	1	7	3	10	1	3	15	2	14	1	6	14	13	3	4	13	14	12	14	3	9	1	x	4	7	5	3	10	3	12	13	10	14	12	4	13	5	2	7	10	15	11	3	9	4	3	3	13	10	14	1	x	2	5	5	14	5	12	4	9	x	8	5	5	x	3	6	13	9	4	7	4	2	10	14	1	5	9	7	6	9	1	6	1	14	7	9	15	2	3	3	14	10	15	5	4	12	5	7	15	1	7	2	3	x	12	9	9	15	11	11	6	5	5	12	4	5	1	2	10	3	14	10	1	6	11	4	x	13	15	14	3	4	3	5	5	14	9	7	9	11	3	x	9	9	1	8	9	3	x	1	1	2	10	7	3	5	3	7	9	2	3	2	8	11	11	15	8	9	13	13	11	5	2	5	1	1	7	12	8	15	7	7	2	6	3	7	14	5	10	4	12	x	x	7	11
9	x	4	1	8	2	6	3	8	6	8	9	7	8	3	7	6	6	11	6	7	5	7	6	2	8	x	11	2	4	6	3	10	5	6	3	7	5	11	6	4	9	2	3	8	4	10	2	5	10	10	6	3	7	8	x	7	4	4	7	12	5	11	2	8	x	4	12	x	10	3	6	2	11	2	5	9	3	7	8	12	2	2	3	2	8	3	8	7	2	2	8	9	10	6	7	3	8	12	5	5	4	2	8	8	2	9	10	x	5	2	2	8	4	4	3	4	12	5	11	12	8	7	3	6	7	3	8	3	4	11	x	6	8	7	6	5	10	4	12	7	2	2	2	4	6	x	2	2	8	1	2	6	x	8	8	7	3	2	10	12	10	2	2	9	6	7	1	4	4	8	1	2	6	6	4	4	9	4	8	8	2	5	1	8	2	2	7	3	6	2	7	4	3	11	5	x	x	2	4
12	x	1	4	5	3	3	6	5	3	11	6	10	5	2	10	9	3	8	9	10	8	10	3	5	5	x	8	3	1	3	6	7	8	9	6	10	8	8	9	1	6	3	6	11	7	7	5	2	7	7	9	6	10	5	x	4	1	1	10	9	8	8	5	5	4	x	9	x	7	2	9	5	8	3	2	6	6	10	5	9	5	3	2	5	5	2	5	10	3	5	11	6	7	3	10	6	11	9	2	8	1	3	11	5	3	6	7	x	8	5	5	11	7	7	2	1	9	8	8	9	5	4	6	3	10	6	5	2	7	8	x	9	11	10	3	2	7	1	9	10	5	3	5	7	3	x	5	5	5	4	5	3	x	5	5	4	6	3	7	9	7	3	5	6	3	4	4	7	7	11	4	5	9	9	7	1	6	1	5	5	3	8	4	11	3	3	4	2	3	3	10	1	6	8	8	x	x	3	7
20	x	9	12	5	11	7	14	5	7	19	4	18	5	10	18	17	7	2	17	18	16	18	7	13	5	x	2	11	9	7	14	3	16	17	14	18	16	2	17	9	4	11	14	19	15	3	13	8	3	3	17	14	18	5	x	6	9	9	18	1	16	2	13	5	12	9	x	x	3	10	17	13	2	11	8	4	14	18	5	1	13	11	10	13	5	10	5	18	11	13	19	4	3	7	18	14	19	1	8	16	9	11	19	5	11	4	3	x	16	13	13	19	15	15	10	9	1	16	2	1	5	6	14	7	18	14	5	10	15	2	x	17	19	18	7	8	3	9	1	18	13	11	13	15	7	x	13	13	5	12	13	7	x	5	5	6	14	11	3	1	3	11	13	4	7	6	12	15	15	19	12	13	17	17	15	9	4	9	5	5	11	16	12	19	11	11	6	10	7	11	18	9	14	2	16	x	x	11	15
1	x	x	x	x	x	x	x	x	x	x	x	x	x	x	x	x	x	x	x	x	x	x	x	x	x	x	x	x	x	x	x	x	x	x	x	x	x	x	x	x	x	x	x	x	x	x	x	x	x	x	x	x	x	x	x	x	x	x	x	x	x	x	x	x	x	x	x	x	x	x	x	x	x	x	x	x	x	x	x	x	x	x	x	x	x	x	x	x	x	x	x	x	x	x	x	x	x	x	x	x	x	x	x	x	x	x	x	x	x	x	x	x	x	x	x	x	x	x	x	x	x	x	x	x	x	x	x	x	x	x	x	x	x	x	x	x	x	x	x	x	x	x	x	x	x	x	x	x	x	x	x	x	x	x	x	x	x	x	x	x	x	x	x	x	x	x	x	x	x	x	x	x	x	x	x	x	x	x	x	x	x	x	x	x	x	x	x	x	x	x	x	x	x	x	x	x	x	x	x
18	x	7	10	3	9	5	12	3	5	17	2	16	3	8	16	15	5	2	15	16	14	16	5	11	3	x	2	9	7	5	12	1	14	15	12	16	14	2	15	7	2	9	12	17	13	1	11	6	1	1	15	12	16	3	x	4	7	7	16	3	14	2	11	3	10	7	3	x	x	8	15	11	2	9	6	2	12	16	3	3	11	9	8	11	3	8	3	16	9	11	17	2	1	5	16	12	17	3	6	14	7	9	17	3	9	2	1	x	14	11	11	17	13	13	8	7	3	14	2	3	3	4	12	5	16	12	3	8	13	2	x	15	17	16	5	6	1	7	3	16	11	9	11	13	5	x	11	11	3	10	11	5	x	3	3	4	12	9	1	3	1	9	11	2	5	4	10	13	13	17	10	11	15	15	13	7	2	7	3	3	9	14	10	17	9	9	4	8	5	9	16	7	12	2	14	x	x	9	13
11	x	2	3	6	2	4	5	6	4	10	7	9	6	1	9	8	4	9	8	9	7	9	4	4	6	x	9	2	2	4	5	8	7	8	5	9	7	9	8	2	7	2	5	10	6	8	4	3	8	8	8	5	9	6	x	5	2	2	9	10	7	9	4	6	3	2	10	x	8	x	8	4	9	2	3	7	5	9	6	10	4	2	1	4	6	1	6	9	2	4	10	7	8	4	9	5	10	10	3	7	2	2	10	6	2	7	8	x	7	4	4	10	6	6	1	2	10	7	9	10	6	5	5	4	9	5	6	1	6	9	x	8	10	9	4	3	8	2	10	9	4	2	4	6	4	x	4	4	6	3	4	4	x	6	6	5	5	2	8	10	8	2	4	7	4	5	3	6	6	10	3	4	8	8	6	2	7	2	6	6	2	7	3	10	2	2	5	1	4	2	9	2	5	9	7	x	x	2	6
4	x	9	6	13	7	11	4	13	11	3	14	2	13	8	2	1	11	16	1	2	2	2	11	5	13	x	16	7	9	11	4	15	2	1	4	2	2	16	1	9	14	7	4	3	3	15	5	10	15	15	1	4	2	13	x	12	9	9	2	17	2	16	5	13	6	9	17	x	15	8	x	5	16	7	10	14	4	2	13	17	5	7	8	5	13	8	13	2	7	5	3	14	15	11	2	4	3	17	10	2	9	7	3	13	7	14	15	x	2	5	5	3	3	3	8	9	17	2	16	17	13	12	4	11	2	4	13	8	3	16	x	1	3	2	11	10	15	9	17	2	5	7	5	3	11	x	5	5	13	6	5	11	x	13	13	12	4	7	15	17	15	7	5	14	11	12	6	3	3	3	6	5	1	1	3	9	14	9	13	13	7	2	6	3	7	7	12	8	11	7	2	9	4	16	2	x	x	7	3
8	x	5	2	9	3	7	2	9	7	7	10	6	9	4	6	5	7	12	5	6	4	6	7	1	9	x	12	3	5	7	2	11	4	5	2	6	4	12	5	5	10	3	2	7	3	11	1	6	11	11	5	2	6	9	x	8	5	5	6	13	4	12	1	9	2	5	13	x	11	4	5	x	12	3	6	10	2	6	9	13	1	3	4	1	9	4	9	6	3	1	7	10	11	7	6	2	7	13	6	4	5	3	7	9	3	10	11	x	4	1	1	7	3	3	4	5	13	4	12	13	9	8	2	7	6	2	9	4	3	12	x	5	7	6	7	6	11	5	13	6	1	3	1	3	7	x	1	1	9	2	1	7	x	9	9	8	2	3	11	13	11	3	1	10	7	8	2	3	3	7	2	1	5	5	3	5	10	5	9	9	3	4	2	7	3	3	8	4	7	3	6	5	2	12	4	x	x	3	3
19	x	8	11	4	10	6	13	4	6	18	3	17	4	9	17	16	6	1	16	17	15	17	6	12	4	x	1	10	8	6	13	2	15	16	13	17	15	1	16	8	3	10	13	18	14	2	12	7	2	2	16	13	17	4	x	5	8	8	17	2	15	1	12	4	11	8	2	x	2	9	16	12	x	10	7	3	13	17	4	2	12	10	9	12	4	9	4	17	10	12	18	3	2	6	17	13	18	2	7	15	8	10	18	4	10	3	2	x	15	12	12	18	14	14	9	8	2	15	1	2	4	5	13	6	17	13	4	9	14	1	x	16	18	17	6	7	2	8	2	17	12	10	12	14	6	x	12	12	4	11	12	6	x	4	4	5	13	10	2	2	2	10	12	3	6	5	11	14	14	18	11	12	16	16	14	8	3	8	4	4	10	15	11	18	10	10	5	9	6	10	17	8	13	1	15	x	x	10	14
10	x	3	2	7	1	5	4	7	5	9	8	8	7	2	8	7	5	10	7	8	6	8	5	3	7	x	10	1	3	5	4	9	6	7	4	8	6	10	7	3	8	1	4	9	5	9	3	4	9	9	7	4	8	7	x	6	3	3	8	11	6	10	3	7	2	3	11	x	9	2	7	3	10	x	4	8	4	8	7	11	3	1	2	3	7	2	7	8	1	3	9	8	9	5	8	4	9	11	4	6	3	1	9	7	1	8	9	x	6	3	3	9	5	5	2	3	11	6	10	11	7	6	4	5	8	4	7	2	5	10	x	7	9	8	5	4	9	3	11	8	3	1	3	5	5	x	3	3	7	2	3	5	x	7	7	6	4	1	9	11	9	1	3	8	5	6	2	5	5	9	2	3	7	7	5	3	8	3	7	7	1	6	2	9	1	1	6	2	5	1	8	3	4	10	6	x	x	1	5
13	x	2	5	4	4	2	7	4	2	12	5	11	4	3	11	10	2	7	10	11	9	11	2	6	4	x	7	4	2	2	7	6	9	10	7	11	9	7	10	2	5	4	7	12	8	6	6	1	6	6	10	7	11	4	x	3	2	2	11	8	9	7	6	4	5	2	8	x	6	3	10	6	7	4	x	5	7	11	4	8	6	4	3	6	4	3	4	11	4	6	12	5	6	2	11	7	12	8	1	9	2	4	12	4	4	5	6	x	9	6	6	12	8	8	3	2	8	9	7	8	4	3	7	2	11	7	4	3	8	7	x	10	12	11	2	1	6	2	8	11	6	4	6	8	2	x	6	6	4	5	6	2	x	4	4	3	7	4	6	8	6	4	6	5	2	3	5	8	8	12	5	6	10	10	8	2	5	2	4	4	4	9	5	12	4	4	3	3	2	4	11	2	7	7	9	x	x	4	8
17	x	6	9	2	8	4	11	2	4	16	1	15	2	7	15	14	4	3	14	15	13	15	4	10	2	x	3	8	6	4	11	2	13	14	11	15	13	3	14	6	1	8	11	16	12	2	10	5	2	2	14	11	15	2	x	3	6	6	15	4	13	3	10	2	9	6	4	x	2	7	14	10	3	8	5	x	11	15	2	4	10	8	7	10	2	7	2	15	8	10	16	1	2	4	15	11	16	4	5	13	6	8	16	2	8	1	2	x	13	10	10	16	12	12	7	6	4	13	3	4	2	3	11	4	15	11	2	7	12	3	x	14	16	15	4	5	2	6	4	15	10	8	10	12	4	x	10	10	2	9	10	4	x	2	2	3	11	8	2	4	2	8	10	1	4	3	9	12	12	16	9	10	14	14	12	6	1	6	2	2	8	13	9	16	8	8	3	7	4	8	15	6	11	3	13	x	x	8	12
7	x	6	3	10	4	8	1	10	8	6	11	5	10	5	5	4	8	13	4	5	3	5	8	2	10	x	13	4	6	8	1	12	3	4	1	5	3	13	4	6	11	4	1	6	2	12	2	7	12	12	4	1	5	10	x	9	6	6	5	14	3	13	2	10	3	6	14	x	12	5	4	2	13	4	7	11	x	5	10	14	2	4	5	2	10	5	10	5	4	2	6	11	12	8	5	1	6	14	7	3	6	4	6	10	4	11	12	x	3	2	2	6	2	2	5	6	14	3	13	14	10	9	1	8	5	1	10	5	2	13	x	4	6	5	8	7	12	6	14	5	2	4	2	2	8	x	2	2	10	3	2	8	x	10	10	9	1	4	12	14	12	4	2	11	8	9	3	2	2	6	3	2	4	4	2	6	11	6	10	10	4	3	3	6	4	4	9	5	8	4	5	6	1	13	3	x	x	4	2
3	x	10	7	14	8	12	5	14	12	2	15	1	14	9	1	2	12	17	2	1	3	1	12	6	14	x	17	8	10	12	5	16	3	2	5	1	3	17	2	10	15	8	5	2	4	16	6	11	16	16	2	5	1	14	x	13	10	10	1	18	3	17	6	14	7	10	18	x	16	9	2	6	17	8	11	15	5	x	14	18	6	8	9	6	14	9	14	1	8	6	2	15	16	12	1	5	2	18	11	3	10	8	2	14	8	15	16	x	3	6	6	2	4	4	9	10	18	3	17	18	14	13	5	12	1	5	14	9	4	17	x	2	2	1	12	11	16	10	18	1	6	8	6	4	12	x	6	6	14	7	6	12	x	14	14	13	5	8	16	18	16	8	6	15	12	13	7	4	4	2	7	6	2	2	4	10	15	10	14	14	8	3	7	2	8	8	13	9	12	8	1	10	5	17	3	x	x	8	4
16	x	5	8	1	7	3	10	1	3	15	2	14	1	6	14	13	3	4	13	14	12	14	3	9	1	x	4	7	5	3	10	3	12	13	10	14	12	4	13	5	2	7	10	15	11	3	9	4	3	3	13	10	14	1	x	2	5	5	14	5	12	4	9	1	8	5	5	x	3	6	13	9	4	7	4	2	10	14	x	5	9	7	6	9	1	6	1	14	7	9	15	2	3	3	14	10	15	5	4	12	5	7	15	1	7	2	3	x	12	9	9	15	11	11	6	5	5	12	4	5	1	2	10	3	14	10	1	6	11	4	x	13	15	14	3	4	3	5	5	14	9	7	9	11	3	x	9	9	1	8	9	3	x	1	1	2	10	7	3	5	3	7	9	2	3	2	8	11	11	15	8	9	13	13	11	5	2	5	1	1	7	12	8	15	7	7	2	6	3	7	14	5	10	4	12	x	x	7	11
20	x	9	12	5	11	7	14	5	7	19	4	18	5	10	18	17	7	2	17	18	16	18	7	13	5	x	2	11	9	7	14	3	16	17	14	18	16	2	17	9	4	11	14	19	15	3	13	8	3	3	17	14	18	5	x	6	9	9	18	1	16	2	13	5	12	9	1	x	3	10	17	13	2	11	8	4	14	18	5	x	13	11	10	13	5	10	5	18	11	13	19	4	3	7	18	14	19	1	8	16	9	11	19	5	11	4	3	x	16	13	13	19	15	15	10	9	1	16	2	1	5	6	14	7	18	14	5	10	15	2	x	17	19	18	7	8	3	9	1	18	13	11	13	15	7	x	13	13	5	12	13	7	x	5	5	6	14	11	3	1	3	11	13	4	7	6	12	15	15	19	12	13	17	17	15	9	4	9	5	5	11	16	12	19	11	11	6	10	7	11	18	9	14	2	16	x	x	11	15
8	x	5	2	9	3	7	2	9	7	7	10	6	9	4	6	5	7	12	5	6	4	6	7	1	9	x	12	3	5	7	2	11	4	5	2	6	4	12	5	5	10	3	2	7	3	11	1	6	11	11	5	2	6	9	x	8	5	5	6	13	4	12	1	9	2	5	13	x	11	4	5	1	12	3	6	10	2	6	9	13	x	3	4	1	9	4	9	6	3	1	7	10	11	7	6	2	7	13	6	4	5	3	7	9	3	10	11	x	4	1	1	7	3	3	4	5	13	4	12	13	9	8	2	7	6	2	9	4	3	12	x	5	7	6	7	6	11	5	13	6	1	3	1	3	7	x	1	1	9	2	1	7	x	9	9	8	2	3	11	13	11	3	1	10	7	8	2	3	3	7	2	1	5	5	3	5	10	5	9	9	3	4	2	7	3	3	8	4	7	3	6	5	2	12	4	x	x	3	3
10	x	3	2	7	1	5	4	7	5	9	8	8	7	2	8	7	5	10	7	8	6	8	5	3	7	x	10	1	3	5	4	9	6	7	4	8	6	10	7	3	8	1	4	9	5	9	3	4	9	9	7	4	8	7	x	6	3	3	8	11	6	10	3	7	2	3	11	x	9	2	7	3	10	1	4	8	4	8	7	11	3	x	2	3	7	2	7	8	1	3	9	8	9	5	8	4	9	11	4	6	3	1	9	7	1	8	9	x	6	3	3	9	5	5	2	3	11	6	10	11	7	6	4	5	8	4	7	2	5	10	x	7	9	8	5	4	9	3	11	8	3	1	3	5	5	x	3	3	7	2	3	5	x	7	7	6	4	1	9	11	9	1	3	8	5	6	2	5	5	9	2	3	7	7	5	3	8	3	7	7	1	6	2	9	1	1	6	2	5	1	8	3	4	10	6	x	x	1	5
11	x	2	3	6	2	4	5	6	4	10	7	9	6	1	9	8	4	9	8	9	7	9	4	4	6	x	9	2	2	4	5	8	7	8	5	9	7	9	8	2	7	2	5	10	6	8	4	3	8	8	8	5	9	6	x	5	2	2	9	10	7	9	4	6	3	2	10	x	8	1	8	4	9	2	3	7	5	9	6	10	4	2	x	4	6	1	6	9	2	4	10	7	8	4	9	5	10	10	3	7	2	2	10	6	2	7	8	x	7	4	4	10	6	6	1	2	10	7	9	10	6	5	5	4	9	5	6	1	6	9	x	8	10	9	4	3	8	2	10	9	4	2	4	6	4	x	4	4	6	3	4	4	x	6	6	5	5	2	8	10	8	2	4	7	4	5	3	6	6	10	3	4	8	8	6	2	7	2	6	6	2	7	3	10	2	2	5	1	4	2	9	2	5	9	7	x	x	2	6
8	x	5	2	9	3	7	2	9	7	7	10	6	9	4	6	5	7	12	5	6	4	6	7	1	9	x	12	3	5	7	2	11	4	5	2	6	4	12	5	5	10	3	2	7	3	11	1	6	11	11	5	2	6	9	x	8	5	5	6	13	4	12	1	9	2	5	13	x	11	4	5	1	12	3	6	10	2	6	9	13	1	3	4	x	9	4	9	6	3	1	7	10	11	7	6	2	7	13	6	4	5	3	7	9	3	10	11	x	4	1	1	7	3	3	4	5	13	4	12	13	9	8	2	7	6	2	9	4	3	12	x	5	7	6	7	6	11	5	13	6	1	3	1	3	7	x	1	1	9	2	1	7	x	9	9	8	2	3	11	13	11	3	1	10	7	8	2	3	3	7	2	1	5	5	3	5	10	5	9	9	3	4	2	7	3	3	8	4	7	3	6	5	2	12	4	x	x	3	3
16	x	5	8	1	7	3	10	1	3	15	2	14	1	6	14	13	3	4	13	14	12	14	3	9	1	x	4	7	5	3	10	3	12	13	10	14	12	4	13	5	2	7	10	15	11	3	9	4	3	3	13	10	14	1	x	2	5	5	14	5	12	4	9	1	8	5	5	x	3	6	13	9	4	7	4	2	10	14	1	5	9	7	6	9	x	6	1	14	7	9	15	2	3	3	14	10	15	5	4	12	5	7	15	1	7	2	3	x	12	9	9	15	11	11	6	5	5	12	4	5	1	2	10	3	14	10	1	6	11	4	x	13	15	14	3	4	3	5	5	14	9	7	9	11	3	x	9	9	1	8	9	3	x	1	1	2	10	7	3	5	3	7	9	2	3	2	8	11	11	15	8	9	13	13	11	5	2	5	1	1	7	12	8	15	7	7	2	6	3	7	14	5	10	4	12	x	x	7	11
11	x	2	3	6	2	4	5	6	4	10	7	9	6	1	9	8	4	9	8	9	7	9	4	4	6	x	9	2	2	4	5	8	7	8	5	9	7	9	8	2	7	2	5	10	6	8	4	3	8	8	8	5	9	6	x	5	2	2	9	10	7	9	4	6	3	2	10	x	8	1	8	4	9	2	3	7	5	9	6	10	4	2	1	4	6	x	6	9	2	4	10	7	8	4	9	5	10	10	3	7	2	2	10	6	2	7	8	x	7	4	4	10	6	6	1	2	10	7	9	10	6	5	5	4	9	5	6	1	6	9	x	8	10	9	4	3	8	2	10	9	4	2	4	6	4	x	4	4	6	3	4	4	x	6	6	5	5	2	8	10	8	2	4	7	4	5	3	6	6	10	3	4	8	8	6	2	7	2	6	6	2	7	3	10	2	2	5	1	4	2	9	2	5	9	7	x	x	2	6
16	x	5	8	1	7	3	10	1	3	15	2	14	1	6	14	13	3	4	13	14	12	14	3	9	1	x	4	7	5	3	10	3	12	13	10	14	12	4	13	5	2	7	10	15	11	3	9	4	3	3	13	10	14	1	x	2	5	5	14	5	12	4	9	1	8	5	5	x	3	6	13	9	4	7	4	2	10	14	1	5	9	7	6	9	1	6	x	14	7	9	15	2	3	3	14	10	15	5	4	12	5	7	15	1	7	2	3	x	12	9	9	15	11	11	6	5	5	12	4	5	1	2	10	3	14	10	1	6	11	4	x	13	15	14	3	4	3	5	5	14	9	7	9	11	3	x	9	9	1	8	9	3	x	1	1	2	10	7	3	5	3	7	9	2	3	2	8	11	11	15	8	9	13	13	11	5	2	5	1	1	7	12	8	15	7	7	2	6	3	7	14	5	10	4	12	x	x	7	11
3	x	10	7	14	8	12	5	14	12	2	15	1	14	9	1	2	12	17	2	1	3	1	12	6	14	x	17	8	10	12	5	16	3	2	5	1	3	17	2	10	15	8	5	2	4	16	6	11	16	16	2	5	1	14	x	13	10	10	1	18	3	17	6	14	7	10	18	x	16	9	2	6	17	8	11	15	5	1	14	18	6	8	9	6	14	9	14	x	8	6	2	15	16	12	1	5	2	18	11	3	10	8	2	14	8	15	16	x	3	6	6	2	4	4	9	10	18	3	17	18	14	13	5	12	1	5	14	9	4	17	x	2	2	1	12	11	16	10	18	1	6	8	6	4	12	x	6	6	14	7	6	12	x	14	14	13	5	8	16	18	16	8	6	15	12	13	7	4	4	2	7	6	2	2	4	10	15	10	14	14	8	3	7	2	8	8	13	9	12	8	1	10	5	17	3	x	x	8	4
10	x	3	2	7	1	5	4	7	5	9	8	8	7	2	8	7	5	10	7	8	6	8	5	3	7	x	10	1	3	5	4	9	6	7	4	8	6	10	7	3	8	1	4	9	5	9	3	4	9	9	7	4	8	7	x	6	3	3	8	11	6	10	3	7	2	3	11	x	9	2	7	3	10	1	4	8	4	8	7	11	3	1	2	3	7	2	7	8	x	3	9	8	9	5	8	4	9	11	4	6	3	1	9	7	1	8	9	x	6	3	3	9	5	5	2	3	11	6	10	11	7	6	4	5	8	4	7	2	5	10	x	7	9	8	5	4	9	3	11	8	3	1	3	5	5	x	3	3	7	2	3	5	x	7	7	6	4	1	9	11	9	1	3	8	5	6	2	5	5	9	2	3	7	7	5	3	8	3	7	7	1	6	2	9	1	1	6	2	5	1	8	3	4	10	6	x	x	1	5
8	x	5	2	9	3	7	2	9	7	7	10	6	9	4	6	5	7	12	5	6	4	6	7	1	9	x	12	3	5	7	2	11	4	5	2	6	4	12	5	5	10	3	2	7	3	11	1	6	11	11	5	2	6	9	x	8	5	5	6	13	4	12	1	9	2	5	13	x	11	4	5	1	12	3	6	10	2	6	9	13	1	3	4	1	9	4	9	6	3	x	7	10	11	7	6	2	7	13	6	4	5	3	7	9	3	10	11	x	4	1	1	7	3	3	4	5	13	4	12	13	9	8	2	7	6	2	9	4	3	12	x	5	7	6	7	6	11	5	13	6	1	3	1	3	7	x	1	1	9	2	1	7	x	9	9	8	2	3	11	13	11	3	1	10	7	8	2	3	3	7	2	1	5	5	3	5	10	5	9	9	3	4	2	7	3	3	8	4	7	3	6	5	2	12	4	x	x	3	3
2	x	11	8	15	9	13	6	15	13	1	16	2	15	10	2	3	13	18	3	2	4	2	13	7	15	x	18	9	11	13	6	17	4	3	6	2	4	18	3	11	16	9	6	1	5	17	7	12	17	17	3	6	2	15	x	14	11	11	2	19	4	18	7	15	8	11	19	x	17	10	3	7	18	9	12	16	6	2	15	19	7	9	10	7	15	10	15	2	9	7	x	16	17	13	2	6	1	19	12	4	11	9	1	15	9	16	17	x	4	7	7	1	5	5	10	11	19	4	18	19	15	14	6	13	2	6	15	10	5	18	x	3	1	2	13	12	17	11	19	2	7	9	7	5	13	x	7	7	15	8	7	13	x	15	15	14	6	9	17	19	17	9	7	16	13	14	8	5	5	1	8	7	3	3	5	11	16	11	15	15	9	4	8	1	9	9	14	10	13	9	2	11	6	18	4	x	x	9	5
17	x	6	9	2	8	4	11	2	4	16	1	15	2	7	15	14	4	3	14	15	13	15	4	10	2	x	3	8	6	4	11	2	13	14	11	15	13	3	14	6	1	8	11	16	12	2	10	5	2	2	14	11	15	2	x	3	6	6	15	4	13	3	10	2	9	6	4	x	2	7	14	10	3	8	5	1	11	15	2	4	10	8	7	10	2	7	2	15	8	10	16	x	2	4	15	11	16	4	5	13	6	8	16	2	8	1	2	x	13	10	10	16	12	12	7	6	4	13	3	4	2	3	11	4	15	11	2	7	12	3	x	14	16	15	4	5	2	6	4	15	10	8	10	12	4	x	10	10	2	9	10	4	x	2	2	3	11	8	2	4	2	8	10	1	4	3	9	12	12	16	9	10	14	14	12	6	1	6	2	2	8	13	9	16	8	8	3	7	4	8	15	6	11	3	13	x	x	8	12
18	x	7	10	3	9	5	12	3	5	17	2	16	3	8	16	15	5	2	15	16	14	16	5	11	3	x	2	9	7	5	12	1	14	15	12	16	14	2	15	7	2	9	12	17	13	1	11	6	1	1	15	12	16	3	x	4	7	7	16	3	14	2	11	3	10	7	3	x	1	8	15	11	2	9	6	2	12	16	3	3	11	9	8	11	3	8	3	16	9	11	17	2	x	5	16	12	17	3	6	14	7	9	17	3	9	2	1	x	14	11	11	17	13	13	8	7	3	14	2	3	3	4	12	5	16	12	3	8	13	2	x	15	17	16	5	6	1	7	3	16	11	9	11	13	5	x	11	11	3	10	11	5	x	3	3	4	12	9	1	3	1	9	11	2	5	4	10	13	13	17	10	11	15	15	13	7	2	7	3	3	9	14	10	17	9	9	4	8	5	9	16	7	12	2	14	x	x	9	13
14	x	3	6	3	5	1	8	3	1	13	4	12	3	4	12	11	1	6	11	12	10	12	1	7	3	x	6	5	3	1	8	5	10	11	8	12	10	6	11	3	4	5	8	13	9	5	7	2	5	5	11	8	12	3	x	2	3	3	12	7	10	6	7	3	6	3	7	x	5	4	11	7	6	5	2	4	8	12	3	7	7	5	4	7	3	4	3	12	5	7	13	4	5	x	12	8	13	7	2	10	3	5	13	3	5	4	5	x	10	7	7	13	9	9	4	3	7	10	6	7	3	2	8	1	12	8	3	4	9	6	x	11	13	12	1	2	5	3	7	12	7	5	7	9	1	x	7	7	3	6	7	1	x	3	3	2	8	5	5	7	5	5	7	4	1	2	6	9	9	13	6	7	11	11	9	3	4	3	3	3	5	10	6	13	5	5	2	4	1	5	12	3	8	6	10	x	x	5	9
3	x	10	7	14	8	12	5	14	12	2	15	1	14	9	1	2	12	17	2	1	3	1	12	6	14	x	17	8	10	12	5	16	3	2	5	1	3	17	2	10	15	8	5	2	4	16	6	11	16	16	2	5	1	14	x	13	10	10	1	18	3	17	6	14	7	10	18	x	16	9	2	6	17	8	11	15	5	1	14	18	6	8	9	6	14	9	14	1	8	6	2	15	16	12	x	5	2	18	11	3	10	8	2	14	8	15	16	x	3	6	6	2	4	4	9	10	18	3	17	18	14	13	5	12	1	5	14	9	4	17	x	2	2	1	12	11	16	10	18	1	6	8	6	4	12	x	6	6	14	7	6	12	x	14	14	13	5	8	16	18	16	8	6	15	12	13	7	4	4	2	7	6	2	2	4	10	15	10	14	14	8	3	7	2	8	8	13	9	12	8	1	10	5	17	3	x	x	8	4
7	x	6	3	10	4	8	1	10	8	6	11	5	10	5	5	4	8	13	4	5	3	5	8	2	10	x	13	4	6	8	1	12	3	4	1	5	3	13	4	6	11	4	1	6	2	12	2	7	12	12	4	1	5	10	x	9	6	6	5	14	3	13	2	10	3	6	14	x	12	5	4	2	13	4	7	11	1	5	10	14	2	4	5	2	10	5	10	5	4	2	6	11	12	8	5	x	6	14	7	3	6	4	6	10	4	11	12	x	3	2	2	6	2	2	5	6	14	3	13	14	10	9	1	8	5	1	10	5	2	13	x	4	6	5	8	7	12	6	14	5	2	4	2	2	8	x	2	2	10	3	2	8	x	10	10	9	1	4	12	14	12	4	2	11	8	9	3	2	2	6	3	2	4	4	2	6	11	6	10	10	4	3	3	6	4	4	9	5	8	4	5	6	1	13	3	x	x	4	2
2	x	11	8	15	9	13	6	15	13	1	16	2	15	10	2	3	13	18	3	2	4	2	13	7	15	x	18	9	11	13	6	17	4	3	6	2	4	18	3	11	16	9	6	1	5	17	7	12	17	17	3	6	2	15	x	14	11	11	2	19	4	18	7	15	8	11	19	x	17	10	3	7	18	9	12	16	6	2	15	19	7	9	10	7	15	10	15	2	9	7	1	16	17	13	2	6	x	19	12	4	11	9	1	15	9	16	17	x	4	7	7	1	5	5	10	11	19	4	18	19	15	14	6	13	2	6	15	10	5	18	x	3	1	2	13	12	17	11	19	2	7	9	7	5	13	x	7	7	15	8	7	13	x	15	15	14	6	9	17	19	17	9	7	16	13	14	8	5	5	1	8	7	3	3	5	11	16	11	15	15	9	4	8	1	9	9	14	10	13	9	2	11	6	18	4	x	x	9	5
20	x	9	12	5	11	7	14	5	7	19	4	18	5	10	18	17	7	2	17	18	16	18	7	13	5	x	2	11	9	7	14	3	16	17	14	18	16	2	17	9	4	11	14	19	15	3	13	8	3	3	17	14	18	5	x	6	9	9	18	1	16	2	13	5	12	9	1	x	3	10	17	13	2	11	8	4	14	18	5	1	13	11	10	13	5	10	5	18	11	13	19	4	3	7	18	14	19	x	8	16	9	11	19	5	11	4	3	x	16	13	13	19	15	15	10	9	1	16	2	1	5	6	14	7	18	14	5	10	15	2	x	17	19	18	7	8	3	9	1	18	13	11	13	15	7	x	13	13	5	12	13	7	x	5	5	6	14	11	3	1	3	11	13	4	7	6	12	15	15	19	12	13	17	17	15	9	4	9	5	5	11	16	12	19	11	11	6	10	7	11	18	9	14	2	16	x	x	11	15
13	x	2	5	4	4	2	7	4	2	12	5	11	4	3	11	10	2	7	10	11	9	11	2	6	4	x	7	4	2	2	7	6	9	10	7	11	9	7	10	2	5	4	7	12	8	6	6	1	6	6	10	7	11	4	x	3	2	2	11	8	9	7	6	4	5	2	8	x	6	3	10	6	7	4	1	5	7	11	4	8	6	4	3	6	4	3	4	11	4	6	12	5	6	2	11	7	12	8	x	9	2	4	12	4	4	5	6	x	9	6	6	12	8	8	3	2	8	9	7	8	4	3	7	2	11	7	4	3	8	7	x	10	12	11	2	1	6	2	8	11	6	4	6	8	2	x	6	6	4	5	6	2	x	4	4	3	7	4	6	8	6	4	6	5	2	3	5	8	8	12	5	6	10	10	8	2	5	2	4	4	4	9	5	12	4	4	3	3	2	4	11	2	7	7	9	x	x	4	8
5	x	8	5	12	6	10	3	12	10	4	13	3	12	7	3	2	10	15	2	3	1	3	10	4	12	x	15	6	8	10	3	14	1	2	3	3	1	15	2	8	13	6	3	4	2	14	4	9	14	14	2	3	3	12	x	11	8	8	3	16	1	15	4	12	5	8	16	x	14	7	2	4	15	6	9	13	3	3	12	16	4	6	7	4	12	7	12	3	6	4	4	13	14	10	3	3	4	16	9	x	8	6	4	12	6	13	14	x	1	4	4	4	2	2	7	8	16	1	15	16	12	11	3	10	3	3	12	7	2	15	x	2	4	3	10	9	14	8	16	3	4	6	4	2	10	x	4	4	12	5	4	10	x	12	12	11	3	6	14	16	14	6	4	13	10	11	5	2	2	4	5	4	2	2	2	8	13	8	12	12	6	1	5	4	6	6	11	7	10	6	3	8	3	15	1	x	x	6	2
12	x	1	4	5	3	3	6	5	3	11	6	10	5	2	10	9	3	8	9	10	8	10	3	5	5	x	8	3	1	3	6	7	8	9	6	10	8	8	9	1	6	3	6	11	7	7	5	2	7	7	9	6	10	5	x	4	1	1	10	9	8	8	5	5	4	1	9	x	7	2	9	5	8	3	2	6	6	10	5	9	5	3	2	5	5	2	5	10	3	5	11	6	7	3	10	6	11	9	2	8	x	3	11	5	3	6	7	x	8	5	5	11	7	7	2	1	9	8	8	9	5	4	6	3	10	6	5	2	7	8	x	9	11	10	3	2	7	1	9	10	5	3	5	7	3	x	5	5	5	4	5	3	x	5	5	4	6	3	7	9	7	3	5	6	3	4	4	7	7	11	4	5	9	9	7	1	6	1	5	5	3	8	4	11	3	3	4	2	3	3	10	1	6	8	8	x	x	3	7
10	x	3	2	7	1	5	4	7	5	9	8	8	7	2	8	7	5	10	7	8	6	8	5	3	7	x	10	1	3	5	4	9	6	7	4	8	6	10	7	3	8	1	4	9	5	9	3	4	9	9	7	4	8	7	x	6	3	3	8	11	6	10	3	7	2	3	11	x	9	2	7	3	10	1	4	8	4	8	7	11	3	1	2	3	7	2	7	8	1	3	9	8	9	5	8	4	9	11	4	6	3	x	9	7	1	8	9	x	6	3	3	9	5	5	2	3	11	6	10	11	7	6	4	5	8	4	7	2	5	10	x	7	9	8	5	4	9	3	11	8	3	1	3	5	5	x	3	3	7	2	3	5	x	7	7	6	4	1	9	11	9	1	3	8	5	6	2	5	5	9	2	3	7	7	5	3	8	3	7	7	1	6	2	9	1	1	6	2	5	1	8	3	4	10	6	x	x	1	5
2	x	11	8	15	9	13	6	15	13	1	16	2	15	10	2	3	13	18	3	2	4	2	13	7	15	x	18	9	11	13	6	17	4	3	6	2	4	18	3	11	16	9	6	1	5	17	7	12	17	17	3	6	2	15	x	14	11	11	2	19	4	18	7	15	8	11	19	x	17	10	3	7	18	9	12	16	6	2	15	19	7	9	10	7	15	10	15	2	9	7	1	16	17	13	2	6	1	19	12	4	11	9	x	15	9	16	17	x	4	7	7	1	5	5	10	11	19	4	18	19	15	14	6	13	2	6	15	10	5	18	x	3	1	2	13	12	17	11	19	2	7	9	7	5	13	x	7	7	15	8	7	13	x	15	15	14	6	9	17	19	17	9	7	16	13	14	8	5	5	1	8	7	3	3	5	11	16	11	15	15	9	4	8	1	9	9	14	10	13	9	2	11	6	18	4	x	x	9	5
16	x	5	8	1	7	3	10	1	3	15	2	14	1	6	14	13	3	4	13	14	12	14	3	9	1	x	4	7	5	3	10	3	12	13	10	14	12	4	13	5	2	7	10	15	11	3	9	4	3	3	13	10	14	1	x	2	5	5	14	5	12	4	9	1	8	5	5	x	3	6	13	9	4	7	4	2	10	14	1	5	9	7	6	9	1	6	1	14	7	9	15	2	3	3	14	10	15	5	4	12	5	7	15	x	7	2	3	x	12	9	9	15	11	11	6	5	5	12	4	5	1	2	10	3	14	10	1	6	11	4	x	13	15	14	3	4	3	5	5	14	9	7	9	11	3	x	9	9	1	8	9	3	x	1	1	2	10	7	3	5	3	7	9	2	3	2	8	11	11	15	8	9	13	13	11	5	2	5	1	1	7	12	8	15	7	7	2	6	3	7	14	5	10	4	12	x	x	7	11
10	x	3	2	7	1	5	4	7	5	9	8	8	7	2	8	7	5	10	7	8	6	8	5	3	7	x	10	1	3	5	4	9	6	7	4	8	6	10	7	3	8	1	4	9	5	9	3	4	9	9	7	4	8	7	x	6	3	3	8	11	6	10	3	7	2	3	11	x	9	2	7	3	10	1	4	8	4	8	7	11	3	1	2	3	7	2	7	8	1	3	9	8	9	5	8	4	9	11	4	6	3	1	9	7	x	8	9	x	6	3	3	9	5	5	2	3	11	6	10	11	7	6	4	5	8	4	7	2	5	10	x	7	9	8	5	4	9	3	11	8	3	1	3	5	5	x	3	3	7	2	3	5	x	7	7	6	4	1	9	11	9	1	3	8	5	6	2	5	5	9	2	3	7	7	5	3	8	3	7	7	1	6	2	9	1	1	6	2	5	1	8	3	4	10	6	x	x	1	5
17	x	6	9	2	8	4	11	2	4	16	1	15	2	7	15	14	4	3	14	15	13	15	4	10	2	x	3	8	6	4	11	2	13	14	11	15	13	3	14	6	1	8	11	16	12	2	10	5	2	2	14	11	15	2	x	3	6	6	15	4	13	3	10	2	9	6	4	x	2	7	14	10	3	8	5	1	11	15	2	4	10	8	7	10	2	7	2	15	8	10	16	1	2	4	15	11	16	4	5	13	6	8	16	2	8	x	2	x	13	10	10	16	12	12	7	6	4	13	3	4	2	3	11	4	15	11	2	7	12	3	x	14	16	15	4	5	2	6	4	15	10	8	10	12	4	x	10	10	2	9	10	4	x	2	2	3	11	8	2	4	2	8	10	1	4	3	9	12	12	16	9	10	14	14	12	6	1	6	2	2	8	13	9	16	8	8	3	7	4	8	15	6	11	3	13	x	x	8	12
18	x	7	10	3	9	5	12	3	5	17	2	16	3	8	16	15	5	2	15	16	14	16	5	11	3	x	2	9	7	5	12	1	14	15	12	16	14	2	15	7	2	9	12	17	13	1	11	6	1	1	15	12	16	3	x	4	7	7	16	3	14	2	11	3	10	7	3	x	1	8	15	11	2	9	6	2	12	16	3	3	11	9	8	11	3	8	3	16	9	11	17	2	1	5	16	12	17	3	6	14	7	9	17	3	9	2	x	x	14	11	11	17	13	13	8	7	3	14	2	3	3	4	12	5	16	12	3	8	13	2	x	15	17	16	5	6	1	7	3	16	11	9	11	13	5	x	11	11	3	10	11	5	x	3	3	4	12	9	1	3	1	9	11	2	5	4	10	13	13	17	10	11	15	15	13	7	2	7	3	3	9	14	10	17	9	9	4	8	5	9	16	7	12	2	14	x	x	9	13
1	x	x	x	x	x	x	x	x	x	x	x	x	x	x	x	x	x	x	x	x	x	x	x	x	x	x	x	x	x	x	x	x	x	x	x	x	x	x	x	x	x	x	x	x	x	x	x	x	x	x	x	x	x	x	x	x	x	x	x	x	x	x	x	x	x	x	x	x	x	x	x	x	x	x	x	x	x	x	x	x	x	x	x	x	x	x	x	x	x	x	x	x	x	x	x	x	x	x	x	x	x	x	x	x	x	x	x	x	x	x	x	x	x	x	x	x	x	x	x	x	x	x	x	x	x	x	x	x	x	x	x	x	x	x	x	x	x	x	x	x	x	x	x	x	x	x	x	x	x	x	x	x	x	x	x	x	x	x	x	x	x	x	x	x	x	x	x	x	x	x	x	x	x	x	x	x	x	x	x	x	x	x	x	x	x	x	x	x	x	x	x	x	x	x	x	x	x	x	x
5	x	8	5	12	6	10	3	12	10	4	13	3	12	7	3	2	10	15	2	3	1	3	10	4	12	x	15	6	8	10	3	14	1	2	3	3	1	15	2	8	13	6	3	4	2	14	4	9	14	14	2	3	3	12	x	11	8	8	3	16	1	15	4	12	5	8	16	x	14	7	2	4	15	6	9	13	3	3	12	16	4	6	7	4	12	7	12	3	6	4	4	13	14	10	3	3	4	16	9	1	8	6	4	12	6	13	14	x	x	4	4	4	2	2	7	8	16	1	15	16	12	11	3	10	3	3	12	7	2	15	x	2	4	3	10	9	14	8	16	3	4	6	4	2	10	x	4	4	12	5	4	10	x	12	12	11	3	6	14	16	14	6	4	13	10	11	5	2	2	4	5	4	2	2	2	8	13	8	12	12	6	1	5	4	6	6	11	7	10	6	3	8	3	15	1	x	x	6	2
8	x	5	2	9	3	7	2	9	7	7	10	6	9	4	6	5	7	12	5	6	4	6	7	1	9	x	12	3	5	7	2	11	4	5	2	6	4	12	5	5	10	3	2	7	3	11	1	6	11	11	5	2	6	9	x	8	5	5	6	13	4	12	1	9	2	5	13	x	11	4	5	1	12	3	6	10	2	6	9	13	1	3	4	1	9	4	9	6	3	1	7	10	11	7	6	2	7	13	6	4	5	3	7	9	3	10	11	x	4	x	1	7	3	3	4	5	13	4	12	13	9	8	2	7	6	2	9	4	3	12	x	5	7	6	7	6	11	5	13	6	1	3	1	3	7	x	1	1	9	2	1	7	x	9	9	8	2	3	11	13	11	3	1	10	7	8	2	3	3	7	2	1	5	5	3	5	10	5	9	9	3	4	2	7	3	3	8	4	7	3	6	5	2	12	4	x	x	3	3
8	x	5	2	9	3	7	2	9	7	7	10	6	9	4	6	5	7	12	5	6	4	6	7	1	9	x	12	3	5	7	2	11	4	5	2	6	4	12	5	5	10	3	2	7	3	11	1	6	11	11	5	2	6	9	x	8	5	5	6	13	4	12	1	9	2	5	13	x	11	4	5	1	12	3	6	10	2	6	9	13	1	3	4	1	9	4	9	6	3	1	7	10	11	7	6	2	7	13	6	4	5	3	7	9	3	10	11	x	4	1	x	7	3	3	4	5	13	4	12	13	9	8	2	7	6	2	9	4	3	12	x	5	7	6	7	6	11	5	13	6	1	3	1	3	7	x	1	1	9	2	1	7	x	9	9	8	2	3	11	13	11	3	1	10	7	8	2	3	3	7	2	1	5	5	3	5	10	5	9	9	3	4	2	7	3	3	8	4	7	3	6	5	2	12	4	x	x	3	3
2	x	11	8	15	9	13	6	15	13	1	16	2	15	10	2	3	13	18	3	2	4	2	13	7	15	x	18	9	11	13	6	17	4	3	6	2	4	18	3	11	16	9	6	1	5	17	7	12	17	17	3	6	2	15	x	14	11	11	2	19	4	18	7	15	8	11	19	x	17	10	3	7	18	9	12	16	6	2	15	19	7	9	10	7	15	10	15	2	9	7	1	16	17	13	2	6	1	19	12	4	11	9	1	15	9	16	17	x	4	7	7	x	5	5	10	11	19	4	18	19	15	14	6	13	2	6	15	10	5	18	x	3	1	2	13	12	17	11	19	2	7	9	7	5	13	x	7	7	15	8	7	13	x	15	15	14	6	9	17	19	17	9	7	16	13	14	8	5	5	1	8	7	3	3	5	11	16	11	15	15	9	4	8	1	9	9	14	10	13	9	2	11	6	18	4	x	x	9	5
6	x	7	4	11	5	9	2	11	9	5	12	4	11	6	4	3	9	14	3	4	2	4	9	3	11	x	14	5	7	9	2	13	2	3	2	4	2	14	3	7	12	5	2	5	1	13	3	8	13	13	3	2	4	11	x	10	7	7	4	15	2	14	3	11	4	7	15	x	13	6	3	3	14	5	8	12	2	4	11	15	3	5	6	3	11	6	11	4	5	3	5	12	13	9	4	2	5	15	8	2	7	5	5	11	5	12	13	x	2	3	3	5	x	1	6	7	15	2	14	15	11	10	2	9	4	2	11	6	1	14	x	3	5	4	9	8	13	7	15	4	3	5	3	1	9	x	3	3	11	4	3	9	x	11	11	10	2	5	13	15	13	5	3	12	9	10	4	1	1	5	4	3	3	3	1	7	12	7	11	11	5	2	4	5	5	5	10	6	9	5	4	7	2	14	2	x	x	5	1
6	x	7	4	11	5	9	2	11	9	5	12	4	11	6	4	3	9	14	3	4	2	4	9	3	11	x	14	5	7	9	2	13	2	3	2	4	2	14	3	7	12	5	2	5	1	13	3	8	13	13	3	2	4	11	x	10	7	7	4	15	2	14	3	11	4	7	15	x	13	6	3	3	14	5	8	12	2	4	11	15	3	5	6	3	11	6	11	4	5	3	5	12	13	9	4	2	5	15	8	2	7	5	5	11	5	12	13	x	2	3	3	5	1	x	6	7	15	2	14	15	11	10	2	9	4	2	11	6	1	14	x	3	5	4	9	8	13	7	15	4	3	5	3	1	9	x	3	3	11	4	3	9	x	11	11	10	2	5	13	15	13	5	3	12	9	10	4	1	1	5	4	3	3	3	1	7	12	7	11	11	5	2	4	5	5	5	10	6	9	5	4	7	2	14	2	x	x	5	1
11	x	2	3	6	2	4	5	6	4	10	7	9	6	1	9	8	4	9	8	9	7	9	4	4	6	x	9	2	2	4	5	8	7	8	5	9	7	9	8	2	7	2	5	10	6	8	4	3	8	8	8	5	9	6	x	5	2	2	9	10	7	9	4	6	3	2	10	x	8	1	8	4	9	2	3	7	5	9	6	10	4	2	1	4	6	1	6	9	2	4	10	7	8	4	9	5	10	10	3	7	2	2	10	6	2	7	8	x	7	4	4	10	6	6	x	2	10	7	9	10	6	5	5	4	9	5	6	1	6	9	x	8	10	9	4	3	8	2	10	9	4	2	4	6	4	x	4	4	6	3	4	4	x	6	6	5	5	2	8	10	8	2	4	7	4	5	3	6	6	10	3	4	8	8	6	2	7	2	6	6	2	7	3	10	2	2	5	1	4	2	9	2	5	9	7	x	x	2	6
12	x	1	4	5	3	3	6	5	3	11	6	10	5	2	10	9	3	8	9	10	8	10	3	5	5	x	8	3	1	3	6	7	8	9	6	10	8	8	9	1	6	3	6	11	7	7	5	2	7	7	9	6	10	5	x	4	1	1	10	9	8	8	5	5	4	1	9	x	7	2	9	5	8	3	2	6	6	10	5	9	5	3	2	5	5	2	5	10	3	5	11	6	7	3	10	6	11	9	2	8	1	3	11	5	3	6	7	x	8	5	5	11	7	7	2	x	9	8	8	9	5	4	6	3	10	6	5	2	7	8	x	9	11	10	3	2	7	1	9	10	5	3	5	7	3	x	5	5	5	4	5	3	x	5	5	4	6	3	7	9	7	3	5	6	3	4	4	7	7	11	4	5	9	9	7	1	6	1	5	5	3	8	4	11	3	3	4	2	3	3	10	1	6	8	8	x	x	3	7
20	x	9	12	5	11	7	14	5	7	19	4	18	5	10	18	17	7	2	17	18	16	18	7	13	5	x	2	11	9	7	14	3	16	17	14	18	16	2	17	9	4	11	14	19	15	3	13	8	3	3	17	14	18	5	x	6	9	9	18	1	16	2	13	5	12	9	1	x	3	10	17	13	2	11	8	4	14	18	5	1	13	11	10	13	5	10	5	18	11	13	19	4	3	7	18	14	19	1	8	16	9	11	19	5	11	4	3	x	16	13	13	19	15	15	10	9	x	16	2	1	5	6	14	7	18	14	5	10	15	2	x	17	19	18	7	8	3	9	1	18	13	11	13	15	7	x	13	13	5	12	13	7	x	5	5	6	14	11	3	1	3	11	13	4	7	6	12	15	15	19	12	13	17	17	15	9	4	9	5	5	11	16	12	19	11	11	6	10	7	11	18	9	14	2	16	x	x	11	15
5	x	8	5	12	6	10	3	12	10	4	13	3	12	7	3	2	10	15	2	3	1	3	10	4	12	x	15	6	8	10	3	14	1	2	3	3	1	15	2	8	13	6	3	4	2	14	4	9	14	14	2	3	3	12	x	11	8	8	3	16	1	15	4	12	5	8	16	x	14	7	2	4	15	6	9	13	3	3	12	16	4	6	7	4	12	7	12	3	6	4	4	13	14	10	3	3	4	16	9	1	8	6	4	12	6	13	14	x	1	4	4	4	2	2	7	8	16	x	15	16	12	11	3	10	3	3	12	7	2	15	x	2	4	3	10	9	14	8	16	3	4	6	4	2	10	x	4	4	12	5	4	10	x	12	12	11	3	6	14	16	14	6	4	13	10	11	5	2	2	4	5	4	2	2	2	8	13	8	12	12	6	1	5	4	6	6	11	7	10	6	3	8	3	15	1	x	x	6	2
19	x	8	11	4	10	6	13	4	6	18	3	17	4	9	17	16	6	1	16	17	15	17	6	12	4	x	1	10	8	6	13	2	15	16	13	17	15	1	16	8	3	10	13	18	14	2	12	7	2	2	16	13	17	4	x	5	8	8	17	2	15	1	12	4	11	8	2	x	2	9	16	12	1	10	7	3	13	17	4	2	12	10	9	12	4	9	4	17	10	12	18	3	2	6	17	13	18	2	7	15	8	10	18	4	10	3	2	x	15	12	12	18	14	14	9	8	2	15	x	2	4	5	13	6	17	13	4	9	14	1	x	16	18	17	6	7	2	8	2	17	12	10	12	14	6	x	12	12	4	11	12	6	x	4	4	5	13	10	2	2	2	10	12	3	6	5	11	14	14	18	11	12	16	16	14	8	3	8	4	4	10	15	11	18	10	10	5	9	6	10	17	8	13	1	15	x	x	10	14
20	x	9	12	5	11	7	14	5	7	19	4	18	5	10	18	17	7	2	17	18	16	18	7	13	5	x	2	11	9	7	14	3	16	17	14	18	16	2	17	9	4	11	14	19	15	3	13	8	3	3	17	14	18	5	x	6	9	9	18	1	16	2	13	5	12	9	1	x	3	10	17	13	2	11	8	4	14	18	5	1	13	11	10	13	5	10	5	18	11	13	19	4	3	7	18	14	19	1	8	16	9	11	19	5	11	4	3	x	16	13	13	19	15	15	10	9	1	16	2	x	5	6	14	7	18	14	5	10	15	2	x	17	19	18	7	8	3	9	1	18	13	11	13	15	7	x	13	13	5	12	13	7	x	5	5	6	14	11	3	1	3	11	13	4	7	6	12	15	15	19	12	13	17	17	15	9	4	9	5	5	11	16	12	19	11	11	6	10	7	11	18	9	14	2	16	x	x	11	15
16	x	5	8	1	7	3	10	1	3	15	2	14	1	6	14	13	3	4	13	14	12	14	3	9	1	x	4	7	5	3	10	3	12	13	10	14	12	4	13	5	2	7	10	15	11	3	9	4	3	3	13	10	14	1	x	2	5	5	14	5	12	4	9	1	8	5	5	x	3	6	13	9	4	7	4	2	10	14	1	5	9	7	6	9	1	6	1	14	7	9	15	2	3	3	14	10	15	5	4	12	5	7	15	1	7	2	3	x	12	9	9	15	11	11	6	5	5	12	4	5	x	2	10	3	14	10	1	6	11	4	x	13	15	14	3	4	3	5	5	14	9	7	9	11	3	x	9	9	1	8	9	3	x	1	1	2	10	7	3	5	3	7	9	2	3	2	8	11	11	15	8	9	13	13	11	5	2	5	1	1	7	12	8	15	7	7	2	6	3	7	14	5	10	4	12	x	x	7	11
15	x	4	7	2	6	2	9	2	2	14	3	13	2	5	13	12	2	5	12	13	11	13	2	8	2	x	5	6	4	2	9	4	11	12	9	13	11	5	12	4	3	6	9	14	10	4	8	3	4	4	12	9	13	2	x	1	4	4	13	6	11	5	8	2	7	4	6	x	4	5	12	8	5	6	3	3	9	13	2	6	8	6	5	8	2	5	2	13	6	8	14	3	4	2	13	9	14	6	3	11	4	6	14	2	6	3	4	x	11	8	8	14	10	10	5	4	6	11	5	6	2	x	9	2	13	9	2	5	10	5	x	12	14	13	2	3	4	4	6	13	8	6	8	10	2	x	8	8	2	7	8	2	x	2	2	1	9	6	4	6	4	6	8	3	2	1	7	10	10	14	7	8	12	12	10	4	3	4	2	2	6	11	7	14	6	6	1	5	2	6	13	4	9	5	11	x	x	6	10
7	x	6	3	10	4	8	1	10	8	6	11	5	10	5	5	4	8	13	4	5	3	5	8	2	10	x	13	4	6	8	1	12	3	4	1	5	3	13	4	6	11	4	1	6	2	12	2	7	12	12	4	1	5	10	x	9	6	6	5	14	3	13	2	10	3	6	14	x	12	5	4	2	13	4	7	11	1	5	10	14	2	4	5	2	10	5	10	5	4	2	6	11	12	8	5	1	6	14	7	3	6	4	6	10	4	11	12	x	3	2	2	6	2	2	5	6	14	3	13	14	10	9	x	8	5	1	10	5	2	13	x	4	6	5	8	7	12	6	14	5	2	4	2	2	8	x	2	2	10	3	2	8	x	10	10	9	1	4	12	14	12	4	2	11	8	9	3	2	2	6	3	2	4	4	2	6	11	6	10	10	4	3	3	6	4	4	9	5	8	4	5	6	1	13	3	x	x	4	2
14	x	3	6	3	5	1	8	3	1	13	4	12	3	4	12	11	1	6	11	12	10	12	1	7	3	x	6	5	3	1	8	5	10	11	8	12	10	6	11	3	4	5	8	13	9	5	7	2	5	5	11	8	12	3	x	2	3	3	12	7	10	6	7	3	6	3	7	x	5	4	11	7	6	5	2	4	8	12	3	7	7	5	4	7	3	4	3	12	5	7	13	4	5	1	12	8	13	7	2	10	3	5	13	3	5	4	5	x	10	7	7	13	9	9	4	3	7	10	6	7	3	2	8	x	12	8	3	4	9	6	x	11	13	12	1	2	5	3	7	12	7	5	7	9	1	x	7	7	3	6	7	1	x	3	3	2	8	5	5	7	5	5	7	4	1	2	6	9	9	13	6	7	11	11	9	3	4	3	3	3	5	10	6	13	5	5	2	4	1	5	12	3	8	6	10	x	x	5	9
3	x	10	7	14	8	12	5	14	12	2	15	1	14	9	1	2	12	17	2	1	3	1	12	6	14	x	17	8	10	12	5	16	3	2	5	1	3	17	2	10	15	8	5	2	4	16	6	11	16	16	2	5	1	14	x	13	10	10	1	18	3	17	6	14	7	10	18	x	16	9	2	6	17	8	11	15	5	1	14	18	6	8	9	6	14	9	14	1	8	6	2	15	16	12	1	5	2	18	11	3	10	8	2	14	8	15	16	x	3	6	6	2	4	4	9	10	18	3	17	18	14	13	5	12	x	5	14	9	4	17	x	2	2	1	12	11	16	10	18	1	6	8	6	4	12	x	6	6	14	7	6	12	x	14	14	13	5	8	16	18	16	8	6	15	12	13	7	4	4	2	7	6	2	2	4	10	15	10	14	14	8	3	7	2	8	8	13	9	12	8	1	10	5	17	3	x	x	8	4
7	x	6	3	10	4	8	1	10	8	6	11	5	10	5	5	4	8	13	4	5	3	5	8	2	10	x	13	4	6	8	1	12	3	4	1	5	3	13	4	6	11	4	1	6	2	12	2	7	12	12	4	1	5	10	x	9	6	6	5	14	3	13	2	10	3	6	14	x	12	5	4	2	13	4	7	11	1	5	10	14	2	4	5	2	10	5	10	5	4	2	6	11	12	8	5	1	6	14	7	3	6	4	6	10	4	11	12	x	3	2	2	6	2	2	5	6	14	3	13	14	10	9	1	8	5	x	10	5	2	13	x	4	6	5	8	7	12	6	14	5	2	4	2	2	8	x	2	2	10	3	2	8	x	10	10	9	1	4	12	14	12	4	2	11	8	9	3	2	2	6	3	2	4	4	2	6	11	6	10	10	4	3	3	6	4	4	9	5	8	4	5	6	1	13	3	x	x	4	2
16	x	5	8	1	7	3	10	1	3	15	2	14	1	6	14	13	3	4	13	14	12	14	3	9	1	x	4	7	5	3	10	3	12	13	10	14	12	4	13	5	2	7	10	15	11	3	9	4	3	3	13	10	14	1	x	2	5	5	14	5	12	4	9	1	8	5	5	x	3	6	13	9	4	7	4	2	10	14	1	5	9	7	6	9	1	6	1	14	7	9	15	2	3	3	14	10	15	5	4	12	5	7	15	1	7	2	3	x	12	9	9	15	11	11	6	5	5	12	4	5	1	2	10	3	14	10	x	6	11	4	x	13	15	14	3	4	3	5	5	14	9	7	9	11	3	x	9	9	1	8	9	3	x	1	1	2	10	7	3	5	3	7	9	2	3	2	8	11	11	15	8	9	13	13	11	5	2	5	1	1	7	12	8	15	7	7	2	6	3	7	14	5	10	4	12	x	x	7	11
11	x	2	3	6	2	4	5	6	4	10	7	9	6	1	9	8	4	9	8	9	7	9	4	4	6	x	9	2	2	4	5	8	7	8	5	9	7	9	8	2	7	2	5	10	6	8	4	3	8	8	8	5	9	6	x	5	2	2	9	10	7	9	4	6	3	2	10	x	8	1	8	4	9	2	3	7	5	9	6	10	4	2	1	4	6	1	6	9	2	4	10	7	8	4	9	5	10	10	3	7	2	2	10	6	2	7	8	x	7	4	4	10	6	6	1	2	10	7	9	10	6	5	5	4	9	5	6	x	6	9	x	8	10	9	4	3	8	2	10	9	4	2	4	6	4	x	4	4	6	3	4	4	x	6	6	5	5	2	8	10	8	2	4	7	4	5	3	6	6	10	3	4	8	8	6	2	7	2	6	6	2	7	3	10	2	2	5	1	4	2	9	2	5	9	7	x	x	2	6
6	x	7	4	11	5	9	2	11	9	5	12	4	11	6	4	3	9	14	3	4	2	4	9	3	11	x	14	5	7	9	2	13	2	3	2	4	2	14	3	7	12	5	2	5	1	13	3	8	13	13	3	2	4	11	x	10	7	7	4	15	2	14	3	11	4	7	15	x	13	6	3	3	14	5	8	12	2	4	11	15	3	5	6	3	11	6	11	4	5	3	5	12	13	9	4	2	5	15	8	2	7	5	5	11	5	12	13	x	2	3	3	5	1	1	6	7	15	2	14	15	11	10	2	9	4	2	11	6	x	14	x	3	5	4	9	8	13	7	15	4	3	5	3	1	9	x	3	3	11	4	3	9	x	11	11	10	2	5	13	15	13	5	3	12	9	10	4	1	1	5	4	3	3	3	1	7	12	7	11	11	5	2	4	5	5	5	10	6	9	5	4	7	2	14	2	x	x	5	1
19	x	8	11	4	10	6	13	4	6	18	3	17	4	9	17	16	6	1	16	17	15	17	6	12	4	x	1	10	8	6	13	2	15	16	13	17	15	1	16	8	3	10	13	18	14	2	12	7	2	2	16	13	17	4	x	5	8	8	17	2	15	1	12	4	11	8	2	x	2	9	16	12	1	10	7	3	13	17	4	2	12	10	9	12	4	9	4	17	10	12	18	3	2	6	17	13	18	2	7	15	8	10	18	4	10	3	2	x	15	12	12	18	14	14	9	8	2	15	1	2	4	5	13	6	17	13	4	9	14	x	x	16	18	17	6	7	2	8	2	17	12	10	12	14	6	x	12	12	4	11	12	6	x	4	4	5	13	10	2	2	2	10	12	3	6	5	11	14	14	18	11	12	16	16	14	8	3	8	4	4	10	15	11	18	10	10	5	9	6	10	17	8	13	1	15	x	x	10	14
1	x	x	x	x	x	x	x	x	x	x	x	x	x	x	x	x	x	x	x	x	x	x	x	x	x	x	x	x	x	x	x	x	x	x	x	x	x	x	x	x	x	x	x	x	x	x	x	x	x	x	x	x	x	x	x	x	x	x	x	x	x	x	x	x	x	x	x	x	x	x	x	x	x	x	x	x	x	x	x	x	x	x	x	x	x	x	x	x	x	x	x	x	x	x	x	x	x	x	x	x	x	x	x	x	x	x	x	x	x	x	x	x	x	x	x	x	x	x	x	x	x	x	x	x	x	x	x	x	x	x	x	x	x	x	x	x	x	x	x	x	x	x	x	x	x	x	x	x	x	x	x	x	x	x	x	x	x	x	x	x	x	x	x	x	x	x	x	x	x	x	x	x	x	x	x	x	x	x	x	x	x	x	x	x	x	x	x	x	x	x	x	x	x	x	x	x	x	x	x
4	x	9	6	13	7	11	4	13	11	3	14	2	13	8	2	1	11	16	1	2	2	2	11	5	13	x	16	7	9	11	4	15	2	1	4	2	2	16	1	9	14	7	4	3	3	15	5	10	15	15	1	4	2	13	x	12	9	9	2	17	2	16	5	13	6	9	17	x	15	8	1	5	16	7	10	14	4	2	13	17	5	7	8	5	13	8	13	2	7	5	3	14	15	11	2	4	3	17	10	2	9	7	3	13	7	14	15	x	2	5	5	3	3	3	8	9	17	2	16	17	13	12	4	11	2	4	13	8	3	16	x	x	3	2	11	10	15	9	17	2	5	7	5	3	11	x	5	5	13	6	5	11	x	13	13	12	4	7	15	17	15	7	5	14	11	12	6	3	3	3	6	5	1	1	3	9	14	9	13	13	7	2	6	3	7	7	12	8	11	7	2	9	4	16	2	x	x	7	3
2	x	11	8	15	9	13	6	15	13	1	16	2	15	10	2	3	13	18	3	2	4	2	13	7	15	x	18	9	11	13	6	17	4	3	6	2	4	18	3	11	16	9	6	1	5	17	7	12	17	17	3	6	2	15	x	14	11	11	2	19	4	18	7	15	8	11	19	x	17	10	3	7	18	9	12	16	6	2	15	19	7	9	10	7	15	10	15	2	9	7	1	16	17	13	2	6	1	19	12	4	11	9	1	15	9	16	17	x	4	7	7	1	5	5	10	11	19	4	18	19	15	14	6	13	2	6	15	10	5	18	x	3	x	2	13	12	17	11	19	2	7	9	7	5	13	x	7	7	15	8	7	13	x	15	15	14	6	9	17	19	17	9	7	16	13	14	8	5	5	1	8	7	3	3	5	11	16	11	15	15	9	4	8	1	9	9	14	10	13	9	2	11	6	18	4	x	x	9	5
3	x	10	7	14	8	12	5	14	12	2	15	1	14	9	1	2	12	17	2	1	3	1	12	6	14	x	17	8	10	12	5	16	3	2	5	1	3	17	2	10	15	8	5	2	4	16	6	11	16	16	2	5	1	14	x	13	10	10	1	18	3	17	6	14	7	10	18	x	16	9	2	6	17	8	11	15	5	1	14	18	6	8	9	6	14	9	14	1	8	6	2	15	16	12	1	5	2	18	11	3	10	8	2	14	8	15	16	x	3	6	6	2	4	4	9	10	18	3	17	18	14	13	5	12	1	5	14	9	4	17	x	2	2	x	12	11	16	10	18	1	6	8	6	4	12	x	6	6	14	7	6	12	x	14	14	13	5	8	16	18	16	8	6	15	12	13	7	4	4	2	7	6	2	2	4	10	15	10	14	14	8	3	7	2	8	8	13	9	12	8	1	10	5	17	3	x	x	8	4
14	x	3	6	3	5	1	8	3	1	13	4	12	3	4	12	11	1	6	11	12	10	12	1	7	3	x	6	5	3	1	8	5	10	11	8	12	10	6	11	3	4	5	8	13	9	5	7	2	5	5	11	8	12	3	x	2	3	3	12	7	10	6	7	3	6	3	7	x	5	4	11	7	6	5	2	4	8	12	3	7	7	5	4	7	3	4	3	12	5	7	13	4	5	1	12	8	13	7	2	10	3	5	13	3	5	4	5	x	10	7	7	13	9	9	4	3	7	10	6	7	3	2	8	1	12	8	3	4	9	6	x	11	13	12	x	2	5	3	7	12	7	5	7	9	1	x	7	7	3	6	7	1	x	3	3	2	8	5	5	7	5	5	7	4	1	2	6	9	9	13	6	7	11	11	9	3	4	3	3	3	5	10	6	13	5	5	2	4	1	5	12	3	8	6	10	x	x	5	9
13	x	2	5	4	4	2	7	4	2	12	5	11	4	3	11	10	2	7	10	11	9	11	2	6	4	x	7	4	2	2	7	6	9	10	7	11	9	7	10	2	5	4	7	12	8	6	6	1	6	6	10	7	11	4	x	3	2	2	11	8	9	7	6	4	5	2	8	x	6	3	10	6	7	4	1	5	7	11	4	8	6	4	3	6	4	3	4	11	4	6	12	5	6	2	11	7	12	8	1	9	2	4	12	4	4	5	6	x	9	6	6	12	8	8	3	2	8	9	7	8	4	3	7	2	11	7	4	3	8	7	x	10	12	11	2	x	6	2	8	11	6	4	6	8	2	x	6	6	4	5	6	2	x	4	4	3	7	4	6	8	6	4	6	5	2	3	5	8	8	12	5	6	10	10	8	2	5	2	4	4	4	9	5	12	4	4	3	3	2	4	11	2	7	7	9	x	x	4	8
18	x	7	10	3	9	5	12	3	5	17	2	16	3	8	16	15	5	2	15	16	14	16	5	11	3	x	2	9	7	5	12	1	14	15	12	16	14	2	15	7	2	9	12	17	13	1	11	6	1	1	15	12	16	3	x	4	7	7	16	3	14	2	11	3	10	7	3	x	1	8	15	11	2	9	6	2	12	16	3	3	11	9	8	11	3	8	3	16	9	11	17	2	1	5	16	12	17	3	6	14	7	9	17	3	9	2	1	x	14	11	11	17	13	13	8	7	3	14	2	3	3	4	12	5	16	12	3	8	13	2	x	15	17	16	5	6	x	7	3	16	11	9	11	13	5	x	11	11	3	10	11	5	x	3	3	4	12	9	1	3	1	9	11	2	5	4	10	13	13	17	10	11	15	15	13	7	2	7	3	3	9	14	10	17	9	9	4	8	5	9	16	7	12	2	14	x	x	9	13
12	x	1	4	5	3	3	6	5	3	11	6	10	5	2	10	9	3	8	9	10	8	10	3	5	5	x	8	3	1	3	6	7	8	9	6	10	8	8	9	1	6	3	6	11	7	7	5	2	7	7	9	6	10	5	x	4	1	1	10	9	8	8	5	5	4	1	9	x	7	2	9	5	8	3	2	6	6	10	5	9	5	3	2	5	5	2	5	10	3	5	11	6	7	3	10	6	11	9	2	8	1	3	11	5	3	6	7	x	8	5	5	11	7	7	2	1	9	8	8	9	5	4	6	3	10	6	5	2	7	8	x	9	11	10	3	2	7	x	9	10	5	3	5	7	3	x	5	5	5	4	5	3	x	5	5	4	6	3	7	9	7	3	5	6	3	4	4	7	7	11	4	5	9	9	7	1	6	1	5	5	3	8	4	11	3	3	4	2	3	3	10	1	6	8	8	x	x	3	7
20	x	9	12	5	11	7	14	5	7	19	4	18	5	10	18	17	7	2	17	18	16	18	7	13	5	x	2	11	9	7	14	3	16	17	14	18	16	2	17	9	4	11	14	19	15	3	13	8	3	3	17	14	18	5	x	6	9	9	18	1	16	2	13	5	12	9	1	x	3	10	17	13	2	11	8	4	14	18	5	1	13	11	10	13	5	10	5	18	11	13	19	4	3	7	18	14	19	1	8	16	9	11	19	5	11	4	3	x	16	13	13	19	15	15	10	9	1	16	2	1	5	6	14	7	18	14	5	10	15	2	x	17	19	18	7	8	3	9	x	18	13	11	13	15	7	x	13	13	5	12	13	7	x	5	5	6	14	11	3	1	3	11	13	4	7	6	12	15	15	19	12	13	17	17	15	9	4	9	5	5	11	16	12	19	11	11	6	10	7	11	18	9	14	2	16	x	x	11	15
3	x	10	7	14	8	12	5	14	12	2	15	1	14	9	1	2	12	17	2	1	3	1	12	6	14	x	17	8	10	12	5	16	3	2	5	1	3	17	2	10	15	8	5	2	4	16	6	11	16	16	2	5	1	14	x	13	10	10	1	18	3	17	6	14	7	10	18	x	16	9	2	6	17	8	11	15	5	1	14	18	6	8	9	6	14	9	14	1	8	6	2	15	16	12	1	5	2	18	11	3	10	8	2	14	8	15	16	x	3	6	6	2	4	4	9	10	18	3	17	18	14	13	5	12	1	5	14	9	4	17	x	2	2	1	12	11	16	10	18	x	6	8	6	4	12	x	6	6	14	7	6	12	x	14	14	13	5	8	16	18	16	8	6	15	12	13	7	4	4	2	7	6	2	2	4	10	15	10	14	14	8	3	7	2	8	8	13	9	12	8	1	10	5	17	3	x	x	8	4
8	x	5	2	9	3	7	2	9	7	7	10	6	9	4	6	5	7	12	5	6	4	6	7	1	9	x	12	3	5	7	2	11	4	5	2	6	4	12	5	5	10	3	2	7	3	11	1	6	11	11	5	2	6	9	x	8	5	5	6	13	4	12	1	9	2	5	13	x	11	4	5	1	12	3	6	10	2	6	9	13	1	3	4	1	9	4	9	6	3	1	7	10	11	7	6	2	7	13	6	4	5	3	7	9	3	10	11	x	4	1	1	7	3	3	4	5	13	4	12	13	9	8	2	7	6	2	9	4	3	12	x	5	7	6	7	6	11	5	13	6	x	3	1	3	7	x	1	1	9	2	1	7	x	9	9	8	2	3	11	13	11	3	1	10	7	8	2	3	3	7	2	1	5	5	3	5	10	5	9	9	3	4	2	7	3	3	8	4	7	3	6	5	2	12	4	x	x	3	3
10	x	3	2	7	1	5	4	7	5	9	8	8	7	2	8	7	5	10	7	8	6	8	5	3	7	x	10	1	3	5	4	9	6	7	4	8	6	10	7	3	8	1	4	9	5	9	3	4	9	9	7	4	8	7	x	6	3	3	8	11	6	10	3	7	2	3	11	x	9	2	7	3	10	1	4	8	4	8	7	11	3	1	2	3	7	2	7	8	1	3	9	8	9	5	8	4	9	11	4	6	3	1	9	7	1	8	9	x	6	3	3	9	5	5	2	3	11	6	10	11	7	6	4	5	8	4	7	2	5	10	x	7	9	8	5	4	9	3	11	8	3	x	3	5	5	x	3	3	7	2	3	5	x	7	7	6	4	1	9	11	9	1	3	8	5	6	2	5	5	9	2	3	7	7	5	3	8	3	7	7	1	6	2	9	1	1	6	2	5	1	8	3	4	10	6	x	x	1	5
8	x	5	2	9	3	7	2	9	7	7	10	6	9	4	6	5	7	12	5	6	4	6	7	1	9	x	12	3	5	7	2	11	4	5	2	6	4	12	5	5	10	3	2	7	3	11	1	6	11	11	5	2	6	9	x	8	5	5	6	13	4	12	1	9	2	5	13	x	11	4	5	1	12	3	6	10	2	6	9	13	1	3	4	1	9	4	9	6	3	1	7	10	11	7	6	2	7	13	6	4	5	3	7	9	3	10	11	x	4	1	1	7	3	3	4	5	13	4	12	13	9	8	2	7	6	2	9	4	3	12	x	5	7	6	7	6	11	5	13	6	1	3	x	3	7	x	1	1	9	2	1	7	x	9	9	8	2	3	11	13	11	3	1	10	7	8	2	3	3	7	2	1	5	5	3	5	10	5	9	9	3	4	2	7	3	3	8	4	7	3	6	5	2	12	4	x	x	3	3
6	x	7	4	11	5	9	2	11	9	5	12	4	11	6	4	3	9	14	3	4	2	4	9	3	11	x	14	5	7	9	2	13	2	3	2	4	2	14	3	7	12	5	2	5	1	13	3	8	13	13	3	2	4	11	x	10	7	7	4	15	2	14	3	11	4	7	15	x	13	6	3	3	14	5	8	12	2	4	11	15	3	5	6	3	11	6	11	4	5	3	5	12	13	9	4	2	5	15	8	2	7	5	5	11	5	12	13	x	2	3	3	5	1	1	6	7	15	2	14	15	11	10	2	9	4	2	11	6	1	14	x	3	5	4	9	8	13	7	15	4	3	5	3	x	9	x	3	3	11	4	3	9	x	11	11	10	2	5	13	15	13	5	3	12	9	10	4	1	1	5	4	3	3	3	1	7	12	7	11	11	5	2	4	5	5	5	10	6	9	5	4	7	2	14	2	x	x	5	1
14	x	3	6	3	5	1	8	3	1	13	4	12	3	4	12	11	1	6	11	12	10	12	1	7	3	x	6	5	3	1	8	5	10	11	8	12	10	6	11	3	4	5	8	13	9	5	7	2	5	5	11	8	12	3	x	2	3	3	12	7	10	6	7	3	6	3	7	x	5	4	11	7	6	5	2	4	8	12	3	7	7	5	4	7	3	4	3	12	5	7	13	4	5	1	12	8	13	7	2	10	3	5	13	3	5	4	5	x	10	7	7	13	9	9	4	3	7	10	6	7	3	2	8	1	12	8	3	4	9	6	x	11	13	12	1	2	5	3	7	12	7	5	7	9	x	x	7	7	3	6	7	1	x	3	3	2	8	5	5	7	5	5	7	4	1	2	6	9	9	13	6	7	11	11	9	3	4	3	3	3	5	10	6	13	5	5	2	4	1	5	12	3	8	6	10	x	x	5	9
1	x	x	x	x	x	x	x	x	x	x	x	x	x	x	x	x	x	x	x	x	x	x	x	x	x	x	x	x	x	x	x	x	x	x	x	x	x	x	x	x	x	x	x	x	x	x	x	x	x	x	x	x	x	x	x	x	x	x	x	x	x	x	x	x	x	x	x	x	x	x	x	x	x	x	x	x	x	x	x	x	x	x	x	x	x	x	x	x	x	x	x	x	x	x	x	x	x	x	x	x	x	x	x	x	x	x	x	x	x	x	x	x	x	x	x	x	x	x	x	x	x	x	x	x	x	x	x	x	x	x	x	x	x	x	x	x	x	x	x	x	x	x	x	x	x	x	x	x	x	x	x	x	x	x	x	x	x	x	x	x	x	x	x	x	x	x	x	x	x	x	x	x	x	x	x	x	x	x	x	x	x	x	x	x	x	x	x	x	x	x	x	x	x	x	x	x	x	x	x
8	x	5	2	9	3	7	2	9	7	7	10	6	9	4	6	5	7	12	5	6	4	6	7	1	9	x	12	3	5	7	2	11	4	5	2	6	4	12	5	5	10	3	2	7	3	11	1	6	11	11	5	2	6	9	x	8	5	5	6	13	4	12	1	9	2	5	13	x	11	4	5	1	12	3	6	10	2	6	9	13	1	3	4	1	9	4	9	6	3	1	7	10	11	7	6	2	7	13	6	4	5	3	7	9	3	10	11	x	4	1	1	7	3	3	4	5	13	4	12	13	9	8	2	7	6	2	9	4	3	12	x	5	7	6	7	6	11	5	13	6	1	3	1	3	7	x	x	1	9	2	1	7	x	9	9	8	2	3	11	13	11	3	1	10	7	8	2	3	3	7	2	1	5	5	3	5	10	5	9	9	3	4	2	7	3	3	8	4	7	3	6	5	2	12	4	x	x	3	3
8	x	5	2	9	3	7	2	9	7	7	10	6	9	4	6	5	7	12	5	6	4	6	7	1	9	x	12	3	5	7	2	11	4	5	2	6	4	12	5	5	10	3	2	7	3	11	1	6	11	11	5	2	6	9	x	8	5	5	6	13	4	12	1	9	2	5	13	x	11	4	5	1	12	3	6	10	2	6	9	13	1	3	4	1	9	4	9	6	3	1	7	10	11	7	6	2	7	13	6	4	5	3	7	9	3	10	11	x	4	1	1	7	3	3	4	5	13	4	12	13	9	8	2	7	6	2	9	4	3	12	x	5	7	6	7	6	11	5	13	6	1	3	1	3	7	x	1	x	9	2	1	7	x	9	9	8	2	3	11	13	11	3	1	10	7	8	2	3	3	7	2	1	5	5	3	5	10	5	9	9	3	4	2	7	3	3	8	4	7	3	6	5	2	12	4	x	x	3	3
16	x	5	8	1	7	3	10	1	3	15	2	14	1	6	14	13	3	4	13	14	12	14	3	9	1	x	4	7	5	3	10	3	12	13	10	14	12	4	13	5	2	7	10	15	11	3	9	4	3	3	13	10	14	1	x	2	5	5	14	5	12	4	9	1	8	5	5	x	3	6	13	9	4	7	4	2	10	14	1	5	9	7	6	9	1	6	1	14	7	9	15	2	3	3	14	10	15	5	4	12	5	7	15	1	7	2	3	x	12	9	9	15	11	11	6	5	5	12	4	5	1	2	10	3	14	10	1	6	11	4	x	13	15	14	3	4	3	5	5	14	9	7	9	11	3	x	9	9	x	8	9	3	x	1	1	2	10	7	3	5	3	7	9	2	3	2	8	11	11	15	8	9	13	13	11	5	2	5	1	1	7	12	8	15	7	7	2	6	3	7	14	5	10	4	12	x	x	7	11
9	x	4	1	8	2	6	3	8	6	8	9	7	8	3	7	6	6	11	6	7	5	7	6	2	8	x	11	2	4	6	3	10	5	6	3	7	5	11	6	4	9	2	3	8	4	10	2	5	10	10	6	3	7	8	x	7	4	4	7	12	5	11	2	8	1	4	12	x	10	3	6	2	11	2	5	9	3	7	8	12	2	2	3	2	8	3	8	7	2	2	8	9	10	6	7	3	8	12	5	5	4	2	8	8	2	9	10	x	5	2	2	8	4	4	3	4	12	5	11	12	8	7	3	6	7	3	8	3	4	11	x	6	8	7	6	5	10	4	12	7	2	2	2	4	6	x	2	2	8	x	2	6	x	8	8	7	3	2	10	12	10	2	2	9	6	7	1	4	4	8	1	2	6	6	4	4	9	4	8	8	2	5	1	8	2	2	7	3	6	2	7	4	3	11	5	x	x	2	4
8	x	5	2	9	3	7	2	9	7	7	10	6	9	4	6	5	7	12	5	6	4	6	7	1	9	x	12	3	5	7	2	11	4	5	2	6	4	12	5	5	10	3	2	7	3	11	1	6	11	11	5	2	6	9	x	8	5	5	6	13	4	12	1	9	2	5	13	x	11	4	5	1	12	3	6	10	2	6	9	13	1	3	4	1	9	4	9	6	3	1	7	10	11	7	6	2	7	13	6	4	5	3	7	9	3	10	11	x	4	1	1	7	3	3	4	5	13	4	12	13	9	8	2	7	6	2	9	4	3	12	x	5	7	6	7	6	11	5	13	6	1	3	1	3	7	x	1	1	9	2	x	7	x	9	9	8	2	3	11	13	11	3	1	10	7	8	2	3	3	7	2	1	5	5	3	5	10	5	9	9	3	4	2	7	3	3	8	4	7	3	6	5	2	12	4	x	x	3	3
14	x	3	6	3	5	1	8	3	1	13	4	12	3	4	12	11	1	6	11	12	10	12	1	7	3	x	6	5	3	1	8	5	10	11	8	12	10	6	11	3	4	5	8	13	9	5	7	2	5	5	11	8	12	3	x	2	3	3	12	7	10	6	7	3	6	3	7	x	5	4	11	7	6	5	2	4	8	12	3	7	7	5	4	7	3	4	3	12	5	7	13	4	5	1	12	8	13	7	2	10	3	5	13	3	5	4	5	x	10	7	7	13	9	9	4	3	7	10	6	7	3	2	8	1	12	8	3	4	9	6	x	11	13	12	1	2	5	3	7	12	7	5	7	9	1	x	7	7	3	6	7	x	x	3	3	2	8	5	5	7	5	5	7	4	1	2	6	9	9	13	6	7	11	11	9	3	4	3	3	3	5	10	6	13	5	5	2	4	1	5	12	3	8	6	10	x	x	5	9
1	x	x	x	x	x	x	x	x	x	x	x	x	x	x	x	x	x	x	x	x	x	x	x	x	x	x	x	x	x	x	x	x	x	x	x	x	x	x	x	x	x	x	x	x	x	x	x	x	x	x	x	x	x	x	x	x	x	x	x	x	x	x	x	x	x	x	x	x	x	x	x	x	x	x	x	x	x	x	x	x	x	x	x	x	x	x	x	x	x	x	x	x	x	x	x	x	x	x	x	x	x	x	x	x	x	x	x	x	x	x	x	x	x	x	x	x	x	x	x	x	x	x	x	x	x	x	x	x	x	x	x	x	x	x	x	x	x	x	x	x	x	x	x	x	x	x	x	x	x	x	x	x	x	x	x	x	x	x	x	x	x	x	x	x	x	x	x	x	x	x	x	x	x	x	x	x	x	x	x	x	x	x	x	x	x	x	x	x	x	x	x	x	x	x	x	x	x	x	x
16	x	5	8	1	7	3	10	1	3	15	2	14	1	6	14	13	3	4	13	14	12	14	3	9	1	x	4	7	5	3	10	3	12	13	10	14	12	4	13	5	2	7	10	15	11	3	9	4	3	3	13	10	14	1	x	2	5	5	14	5	12	4	9	1	8	5	5	x	3	6	13	9	4	7	4	2	10	14	1	5	9	7	6	9	1	6	1	14	7	9	15	2	3	3	14	10	15	5	4	12	5	7	15	1	7	2	3	x	12	9	9	15	11	11	6	5	5	12	4	5	1	2	10	3	14	10	1	6	11	4	x	13	15	14	3	4	3	5	5	14	9	7	9	11	3	x	9	9	1	8	9	3	x	x	1	2	10	7	3	5	3	7	9	2	3	2	8	11	11	15	8	9	13	13	11	5	2	5	1	1	7	12	8	15	7	7	2	6	3	7	14	5	10	4	12	x	x	7	11
16	x	5	8	1	7	3	10	1	3	15	2	14	1	6	14	13	3	4	13	14	12	14	3	9	1	x	4	7	5	3	10	3	12	13	10	14	12	4	13	5	2	7	10	15	11	3	9	4	3	3	13	10	14	1	x	2	5	5	14	5	12	4	9	1	8	5	5	x	3	6	13	9	4	7	4	2	10	14	1	5	9	7	6	9	1	6	1	14	7	9	15	2	3	3	14	10	15	5	4	12	5	7	15	1	7	2	3	x	12	9	9	15	11	11	6	5	5	12	4	5	1	2	10	3	14	10	1	6	11	4	x	13	15	14	3	4	3	5	5	14	9	7	9	11	3	x	9	9	1	8	9	3	x	1	x	2	10	7	3	5	3	7	9	2	3	2	8	11	11	15	8	9	13	13	11	5	2	5	1	1	7	12	8	15	7	7	2	6	3	7	14	5	10	4	12	x	x	7	11
15	x	4	7	2	6	2	9	2	2	14	3	13	2	5	13	12	2	5	12	13	11	13	2	8	2	x	5	6	4	2	9	4	11	12	9	13	11	5	12	4	3	6	9	14	10	4	8	3	4	4	12	9	13	2	x	1	4	4	13	6	11	5	8	2	7	4	6	x	4	5	12	8	5	6	3	3	9	13	2	6	8	6	5	8	2	5	2	13	6	8	14	3	4	2	13	9	14	6	3	11	4	6	14	2	6	3	4	x	11	8	8	14	10	10	5	4	6	11	5	6	2	1	9	2	13	9	2	5	10	5	x	12	14	13	2	3	4	4	6	13	8	6	8	10	2	x	8	8	2	7	8	2	x	2	2	x	9	6	4	6	4	6	8	3	2	1	7	10	10	14	7	8	12	12	10	4	3	4	2	2	6	11	7	14	6	6	1	5	2	6	13	4	9	5	11	x	x	6	10
7	x	6	3	10	4	8	1	10	8	6	11	5	10	5	5	4	8	13	4	5	3	5	8	2	10	x	13	4	6	8	1	12	3	4	1	5	3	13	4	6	11	4	1	6	2	12	2	7	12	12	4	1	5	10	x	9	6	6	5	14	3	13	2	10	3	6	14	x	12	5	4	2	13	4	7	11	1	5	10	14	2	4	5	2	10	5	10	5	4	2	6	11	12	8	5	1	6	14	7	3	6	4	6	10	4	11	12	x	3	2	2	6	2	2	5	6	14	3	13	14	10	9	1	8	5	1	10	5	2	13	x	4	6	5	8	7	12	6	14	5	2	4	2	2	8	x	2	2	10	3	2	8	x	10	10	9	x	4	12	14	12	4	2	11	8	9	3	2	2	6	3	2	4	4	2	6	11	6	10	10	4	3	3	6	4	4	9	5	8	4	5	6	1	13	3	x	x	4	2
10	x	3	2	7	1	5	4	7	5	9	8	8	7	2	8	7	5	10	7	8	6	8	5	3	7	x	10	1	3	5	4	9	6	7	4	8	6	10	7	3	8	1	4	9	5	9	3	4	9	9	7	4	8	7	x	6	3	3	8	11	6	10	3	7	2	3	11	x	9	2	7	3	10	1	4	8	4	8	7	11	3	1	2	3	7	2	7	8	1	3	9	8	9	5	8	4	9	11	4	6	3	1	9	7	1	8	9	x	6	3	3	9	5	5	2	3	11	6	10	11	7	6	4	5	8	4	7	2	5	10	x	7	9	8	5	4	9	3	11	8	3	1	3	5	5	x	3	3	7	2	3	5	x	7	7	6	4	x	9	11	9	1	3	8	5	6	2	5	5	9	2	3	7	7	5	3	8	3	7	7	1	6	2	9	1	1	6	2	5	1	8	3	4	10	6	x	x	1	5
18	x	7	10	3	9	5	12	3	5	17	2	16	3	8	16	15	5	2	15	16	14	16	5	11	3	x	2	9	7	5	12	1	14	15	12	16	14	2	15	7	2	9	12	17	13	1	11	6	1	1	15	12	16	3	x	4	7	7	16	3	14	2	11	3	10	7	3	x	1	8	15	11	2	9	6	2	12	16	3	3	11	9	8	11	3	8	3	16	9	11	17	2	1	5	16	12	17	3	6	14	7	9	17	3	9	2	1	x	14	11	11	17	13	13	8	7	3	14	2	3	3	4	12	5	16	12	3	8	13	2	x	15	17	16	5	6	1	7	3	16	11	9	11	13	5	x	11	11	3	10	11	5	x	3	3	4	12	9	x	3	1	9	11	2	5	4	10	13	13	17	10	11	15	15	13	7	2	7	3	3	9	14	10	17	9	9	4	8	5	9	16	7	12	2	14	x	x	9	13
20	x	9	12	5	11	7	14	5	7	19	4	18	5	10	18	17	7	2	17	18	16	18	7	13	5	x	2	11	9	7	14	3	16	17	14	18	16	2	17	9	4	11	14	19	15	3	13	8	3	3	17	14	18	5	x	6	9	9	18	1	16	2	13	5	12	9	1	x	3	10	17	13	2	11	8	4	14	18	5	1	13	11	10	13	5	10	5	18	11	13	19	4	3	7	18	14	19	1	8	16	9	11	19	5	11	4	3	x	16	13	13	19	15	15	10	9	1	16	2	1	5	6	14	7	18	14	5	10	15	2	x	17	19	18	7	8	3	9	1	18	13	11	13	15	7	x	13	13	5	12	13	7	x	5	5	6	14	11	3	x	3	11	13	4	7	6	12	15	15	19	12	13	17	17	15	9	4	9	5	5	11	16	12	19	11	11	6	10	7	11	18	9	14	2	16	x	x	11	15
18	x	7	10	3	9	5	12	3	5	17	2	16	3	8	16	15	5	2	15	16	14	16	5	11	3	x	2	9	7	5	12	1	14	15	12	16	14	2	15	7	2	9	12	17	13	1	11	6	1	1	15	12	16	3	x	4	7	7	16	3	14	2	11	3	10	7	3	x	1	8	15	11	2	9	6	2	12	16	3	3	11	9	8	11	3	8	3	16	9	11	17	2	1	5	16	12	17	3	6	14	7	9	17	3	9	2	1	x	14	11	11	17	13	13	8	7	3	14	2	3	3	4	12	5	16	12	3	8	13	2	x	15	17	16	5	6	1	7	3	16	11	9	11	13	5	x	11	11	3	10	11	5	x	3	3	4	12	9	1	3	x	9	11	2	5	4	10	13	13	17	10	11	15	15	13	7	2	7	3	3	9	14	10	17	9	9	4	8	5	9	16	7	12	2	14	x	x	9	13
10	x	3	2	7	1	5	4	7	5	9	8	8	7	2	8	7	5	10	7	8	6	8	5	3	7	x	10	1	3	5	4	9	6	7	4	8	6	10	7	3	8	1	4	9	5	9	3	4	9	9	7	4	8	7	x	6	3	3	8	11	6	10	3	7	2	3	11	x	9	2	7	3	10	1	4	8	4	8	7	11	3	1	2	3	7	2	7	8	1	3	9	8	9	5	8	4	9	11	4	6	3	1	9	7	1	8	9	x	6	3	3	9	5	5	2	3	11	6	10	11	7	6	4	5	8	4	7	2	5	10	x	7	9	8	5	4	9	3	11	8	3	1	3	5	5	x	3	3	7	2	3	5	x	7	7	6	4	1	9	11	9	x	3	8	5	6	2	5	5	9	2	3	7	7	5	3	8	3	7	7	1	6	2	9	1	1	6	2	5	1	8	3	4	10	6	x	x	1	5
8	x	5	2	9	3	7	2	9	7	7	10	6	9	4	6	5	7	12	5	6	4	6	7	1	9	x	12	3	5	7	2	11	4	5	2	6	4	12	5	5	10	3	2	7	3	11	1	6	11	11	5	2	6	9	x	8	5	5	6	13	4	12	1	9	2	5	13	x	11	4	5	1	12	3	6	10	2	6	9	13	1	3	4	1	9	4	9	6	3	1	7	10	11	7	6	2	7	13	6	4	5	3	7	9	3	10	11	x	4	1	1	7	3	3	4	5	13	4	12	13	9	8	2	7	6	2	9	4	3	12	x	5	7	6	7	6	11	5	13	6	1	3	1	3	7	x	1	1	9	2	1	7	x	9	9	8	2	3	11	13	11	3	x	10	7	8	2	3	3	7	2	1	5	5	3	5	10	5	9	9	3	4	2	7	3	3	8	4	7	3	6	5	2	12	4	x	x	3	3
17	x	6	9	2	8	4	11	2	4	16	1	15	2	7	15	14	4	3	14	15	13	15	4	10	2	x	3	8	6	4	11	2	13	14	11	15	13	3	14	6	1	8	11	16	12	2	10	5	2	2	14	11	15	2	x	3	6	6	15	4	13	3	10	2	9	6	4	x	2	7	14	10	3	8	5	1	11	15	2	4	10	8	7	10	2	7	2	15	8	10	16	1	2	4	15	11	16	4	5	13	6	8	16	2	8	1	2	x	13	10	10	16	12	12	7	6	4	13	3	4	2	3	11	4	15	11	2	7	12	3	x	14	16	15	4	5	2	6	4	15	10	8	10	12	4	x	10	10	2	9	10	4	x	2	2	3	11	8	2	4	2	8	10	x	4	3	9	12	12	16	9	10	14	14	12	6	1	6	2	2	8	13	9	16	8	8	3	7	4	8	15	6	11	3	13	x	x	8	12
14	x	3	6	3	5	1	8	3	1	13	4	12	3	4	12	11	1	6	11	12	10	12	1	7	3	x	6	5	3	1	8	5	10	11	8	12	10	6	11	3	4	5	8	13	9	5	7	2	5	5	11	8	12	3	x	2	3	3	12	7	10	6	7	3	6	3	7	x	5	4	11	7	6	5	2	4	8	12	3	7	7	5	4	7	3	4	3	12	5	7	13	4	5	1	12	8	13	7	2	10	3	5	13	3	5	4	5	x	10	7	7	13	9	9	4	3	7	10	6	7	3	2	8	1	12	8	3	4	9	6	x	11	13	12	1	2	5	3	7	12	7	5	7	9	1	x	7	7	3	6	7	1	x	3	3	2	8	5	5	7	5	5	7	4	x	2	6	9	9	13	6	7	11	11	9	3	4	3	3	3	5	10	6	13	5	5	2	4	1	5	12	3	8	6	10	x	x	5	9
15	x	4	7	2	6	2	9	2	2	14	3	13	2	5	13	12	2	5	12	13	11	13	2	8	2	x	5	6	4	2	9	4	11	12	9	13	11	5	12	4	3	6	9	14	10	4	8	3	4	4	12	9	13	2	x	1	4	4	13	6	11	5	8	2	7	4	6	x	4	5	12	8	5	6	3	3	9	13	2	6	8	6	5	8	2	5	2	13	6	8	14	3	4	2	13	9	14	6	3	11	4	6	14	2	6	3	4	x	11	8	8	14	10	10	5	4	6	11	5	6	2	1	9	2	13	9	2	5	10	5	x	12	14	13	2	3	4	4	6	13	8	6	8	10	2	x	8	8	2	7	8	2	x	2	2	1	9	6	4	6	4	6	8	3	2	x	7	10	10	14	7	8	12	12	10	4	3	4	2	2	6	11	7	14	6	6	1	5	2	6	13	4	9	5	11	x	x	6	10
9	x	4	1	8	2	6	3	8	6	8	9	7	8	3	7	6	6	11	6	7	5	7	6	2	8	x	11	2	4	6	3	10	5	6	3	7	5	11	6	4	9	2	3	8	4	10	2	5	10	10	6	3	7	8	x	7	4	4	7	12	5	11	2	8	1	4	12	x	10	3	6	2	11	2	5	9	3	7	8	12	2	2	3	2	8	3	8	7	2	2	8	9	10	6	7	3	8	12	5	5	4	2	8	8	2	9	10	x	5	2	2	8	4	4	3	4	12	5	11	12	8	7	3	6	7	3	8	3	4	11	x	6	8	7	6	5	10	4	12	7	2	2	2	4	6	x	2	2	8	1	2	6	x	8	8	7	3	2	10	12	10	2	2	9	6	7	x	4	4	8	1	2	6	6	4	4	9	4	8	8	2	5	1	8	2	2	7	3	6	2	7	4	3	11	5	x	x	2	4
6	x	7	4	11	5	9	2	11	9	5	12	4	11	6	4	3	9	14	3	4	2	4	9	3	11	x	14	5	7	9	2	13	2	3	2	4	2	14	3	7	12	5	2	5	1	13	3	8	13	13	3	2	4	11	x	10	7	7	4	15	2	14	3	11	4	7	15	x	13	6	3	3	14	5	8	12	2	4	11	15	3	5	6	3	11	6	11	4	5	3	5	12	13	9	4	2	5	15	8	2	7	5	5	11	5	12	13	x	2	3	3	5	1	1	6	7	15	2	14	15	11	10	2	9	4	2	11	6	1	14	x	3	5	4	9	8	13	7	15	4	3	5	3	1	9	x	3	3	11	4	3	9	x	11	11	10	2	5	13	15	13	5	3	12	9	10	4	x	1	5	4	3	3	3	1	7	12	7	11	11	5	2	4	5	5	5	10	6	9	5	4	7	2	14	2	x	x	5	1
6	x	7	4	11	5	9	2	11	9	5	12	4	11	6	4	3	9	14	3	4	2	4	9	3	11	x	14	5	7	9	2	13	2	3	2	4	2	14	3	7	12	5	2	5	1	13	3	8	13	13	3	2	4	11	x	10	7	7	4	15	2	14	3	11	4	7	15	x	13	6	3	3	14	5	8	12	2	4	11	15	3	5	6	3	11	6	11	4	5	3	5	12	13	9	4	2	5	15	8	2	7	5	5	11	5	12	13	x	2	3	3	5	1	1	6	7	15	2	14	15	11	10	2	9	4	2	11	6	1	14	x	3	5	4	9	8	13	7	15	4	3	5	3	1	9	x	3	3	11	4	3	9	x	11	11	10	2	5	13	15	13	5	3	12	9	10	4	1	x	5	4	3	3	3	1	7	12	7	11	11	5	2	4	5	5	5	10	6	9	5	4	7	2	14	2	x	x	5	1
2	x	11	8	15	9	13	6	15	13	1	16	2	15	10	2	3	13	18	3	2	4	2	13	7	15	x	18	9	11	13	6	17	4	3	6	2	4	18	3	11	16	9	6	1	5	17	7	12	17	17	3	6	2	15	x	14	11	11	2	19	4	18	7	15	8	11	19	x	17	10	3	7	18	9	12	16	6	2	15	19	7	9	10	7	15	10	15	2	9	7	1	16	17	13	2	6	1	19	12	4	11	9	1	15	9	16	17	x	4	7	7	1	5	5	10	11	19	4	18	19	15	14	6	13	2	6	15	10	5	18	x	3	1	2	13	12	17	11	19	2	7	9	7	5	13	x	7	7	15	8	7	13	x	15	15	14	6	9	17	19	17	9	7	16	13	14	8	5	5	x	8	7	3	3	5	11	16	11	15	15	9	4	8	1	9	9	14	10	13	9	2	11	6	18	4	x	x	9	5
9	x	4	1	8	2	6	3	8	6	8	9	7	8	3	7	6	6	11	6	7	5	7	6	2	8	x	11	2	4	6	3	10	5	6	3	7	5	11	6	4	9	2	3	8	4	10	2	5	10	10	6	3	7	8	x	7	4	4	7	12	5	11	2	8	1	4	12	x	10	3	6	2	11	2	5	9	3	7	8	12	2	2	3	2	8	3	8	7	2	2	8	9	10	6	7	3	8	12	5	5	4	2	8	8	2	9	10	x	5	2	2	8	4	4	3	4	12	5	11	12	8	7	3	6	7	3	8	3	4	11	x	6	8	7	6	5	10	4	12	7	2	2	2	4	6	x	2	2	8	1	2	6	x	8	8	7	3	2	10	12	10	2	2	9	6	7	1	4	4	8	x	2	6	6	4	4	9	4	8	8	2	5	1	8	2	2	7	3	6	2	7	4	3	11	5	x	x	2	4
8	x	5	2	9	3	7	2	9	7	7	10	6	9	4	6	5	7	12	5	6	4	6	7	1	9	x	12	3	5	7	2	11	4	5	2	6	4	12	5	5	10	3	2	7	3	11	1	6	11	11	5	2	6	9	x	8	5	5	6	13	4	12	1	9	2	5	13	x	11	4	5	1	12	3	6	10	2	6	9	13	1	3	4	1	9	4	9	6	3	1	7	10	11	7	6	2	7	13	6	4	5	3	7	9	3	10	11	x	4	1	1	7	3	3	4	5	13	4	12	13	9	8	2	7	6	2	9	4	3	12	x	5	7	6	7	6	11	5	13	6	1	3	1	3	7	x	1	1	9	2	1	7	x	9	9	8	2	3	11	13	11	3	1	10	7	8	2	3	3	7	2	x	5	5	3	5	10	5	9	9	3	4	2	7	3	3	8	4	7	3	6	5	2	12	4	x	x	3	3
4	x	9	6	13	7	11	4	13	11	3	14	2	13	8	2	1	11	16	1	2	2	2	11	5	13	x	16	7	9	11	4	15	2	1	4	2	2	16	1	9	14	7	4	3	3	15	5	10	15	15	1	4	2	13	x	12	9	9	2	17	2	16	5	13	6	9	17	x	15	8	1	5	16	7	10	14	4	2	13	17	5	7	8	5	13	8	13	2	7	5	3	14	15	11	2	4	3	17	10	2	9	7	3	13	7	14	15	x	2	5	5	3	3	3	8	9	17	2	16	17	13	12	4	11	2	4	13	8	3	16	x	1	3	2	11	10	15	9	17	2	5	7	5	3	11	x	5	5	13	6	5	11	x	13	13	12	4	7	15	17	15	7	5	14	11	12	6	3	3	3	6	5	x	1	3	9	14	9	13	13	7	2	6	3	7	7	12	8	11	7	2	9	4	16	2	x	x	7	3
4	x	9	6	13	7	11	4	13	11	3	14	2	13	8	2	1	11	16	1	2	2	2	11	5	13	x	16	7	9	11	4	15	2	1	4	2	2	16	1	9	14	7	4	3	3	15	5	10	15	15	1	4	2	13	x	12	9	9	2	17	2	16	5	13	6	9	17	x	15	8	1	5	16	7	10	14	4	2	13	17	5	7	8	5	13	8	13	2	7	5	3	14	15	11	2	4	3	17	10	2	9	7	3	13	7	14	15	x	2	5	5	3	3	3	8	9	17	2	16	17	13	12	4	11	2	4	13	8	3	16	x	1	3	2	11	10	15	9	17	2	5	7	5	3	11	x	5	5	13	6	5	11	x	13	13	12	4	7	15	17	15	7	5	14	11	12	6	3	3	3	6	5	1	x	3	9	14	9	13	13	7	2	6	3	7	7	12	8	11	7	2	9	4	16	2	x	x	7	3
6	x	7	4	11	5	9	2	11	9	5	12	4	11	6	4	3	9	14	3	4	2	4	9	3	11	x	14	5	7	9	2	13	2	3	2	4	2	14	3	7	12	5	2	5	1	13	3	8	13	13	3	2	4	11	x	10	7	7	4	15	2	14	3	11	4	7	15	x	13	6	3	3	14	5	8	12	2	4	11	15	3	5	6	3	11	6	11	4	5	3	5	12	13	9	4	2	5	15	8	2	7	5	5	11	5	12	13	x	2	3	3	5	1	1	6	7	15	2	14	15	11	10	2	9	4	2	11	6	1	14	x	3	5	4	9	8	13	7	15	4	3	5	3	1	9	x	3	3	11	4	3	9	x	11	11	10	2	5	13	15	13	5	3	12	9	10	4	1	1	5	4	3	3	3	x	7	12	7	11	11	5	2	4	5	5	5	10	6	9	5	4	7	2	14	2	x	x	5	1
12	x	1	4	5	3	3	6	5	3	11	6	10	5	2	10	9	3	8	9	10	8	10	3	5	5	x	8	3	1	3	6	7	8	9	6	10	8	8	9	1	6	3	6	11	7	7	5	2	7	7	9	6	10	5	x	4	1	1	10	9	8	8	5	5	4	1	9	x	7	2	9	5	8	3	2	6	6	10	5	9	5	3	2	5	5	2	5	10	3	5	11	6	7	3	10	6	11	9	2	8	1	3	11	5	3	6	7	x	8	5	5	11	7	7	2	1	9	8	8	9	5	4	6	3	10	6	5	2	7	8	x	9	11	10	3	2	7	1	9	10	5	3	5	7	3	x	5	5	5	4	5	3	x	5	5	4	6	3	7	9	7	3	5	6	3	4	4	7	7	11	4	5	9	9	7	x	6	1	5	5	3	8	4	11	3	3	4	2	3	3	10	1	6	8	8	x	x	3	7
17	x	6	9	2	8	4	11	2	4	16	1	15	2	7	15	14	4	3	14	15	13	15	4	10	2	x	3	8	6	4	11	2	13	14	11	15	13	3	14	6	1	8	11	16	12	2	10	5	2	2	14	11	15	2	x	3	6	6	15	4	13	3	10	2	9	6	4	x	2	7	14	10	3	8	5	1	11	15	2	4	10	8	7	10	2	7	2	15	8	10	16	1	2	4	15	11	16	4	5	13	6	8	16	2	8	1	2	x	13	10	10	16	12	12	7	6	4	13	3	4	2	3	11	4	15	11	2	7	12	3	x	14	16	15	4	5	2	6	4	15	10	8	10	12	4	x	10	10	2	9	10	4	x	2	2	3	11	8	2	4	2	8	10	1	4	3	9	12	12	16	9	10	14	14	12	6	x	6	2	2	8	13	9	16	8	8	3	7	4	8	15	6	11	3	13	x	x	8	12
12	x	1	4	5	3	3	6	5	3	11	6	10	5	2	10	9	3	8	9	10	8	10	3	5	5	x	8	3	1	3	6	7	8	9	6	10	8	8	9	1	6	3	6	11	7	7	5	2	7	7	9	6	10	5	x	4	1	1	10	9	8	8	5	5	4	1	9	x	7	2	9	5	8	3	2	6	6	10	5	9	5	3	2	5	5	2	5	10	3	5	11	6	7	3	10	6	11	9	2	8	1	3	11	5	3	6	7	x	8	5	5	11	7	7	2	1	9	8	8	9	5	4	6	3	10	6	5	2	7	8	x	9	11	10	3	2	7	1	9	10	5	3	5	7	3	x	5	5	5	4	5	3	x	5	5	4	6	3	7	9	7	3	5	6	3	4	4	7	7	11	4	5	9	9	7	1	6	x	5	5	3	8	4	11	3	3	4	2	3	3	10	1	6	8	8	x	x	3	7
16	x	5	8	1	7	3	10	1	3	15	2	14	1	6	14	13	3	4	13	14	12	14	3	9	1	x	4	7	5	3	10	3	12	13	10	14	12	4	13	5	2	7	10	15	11	3	9	4	3	3	13	10	14	1	x	2	5	5	14	5	12	4	9	1	8	5	5	x	3	6	13	9	4	7	4	2	10	14	1	5	9	7	6	9	1	6	1	14	7	9	15	2	3	3	14	10	15	5	4	12	5	7	15	1	7	2	3	x	12	9	9	15	11	11	6	5	5	12	4	5	1	2	10	3	14	10	1	6	11	4	x	13	15	14	3	4	3	5	5	14	9	7	9	11	3	x	9	9	1	8	9	3	x	1	1	2	10	7	3	5	3	7	9	2	3	2	8	11	11	15	8	9	13	13	11	5	2	5	x	1	7	12	8	15	7	7	2	6	3	7	14	5	10	4	12	x	x	7	11
16	x	5	8	1	7	3	10	1	3	15	2	14	1	6	14	13	3	4	13	14	12	14	3	9	1	x	4	7	5	3	10	3	12	13	10	14	12	4	13	5	2	7	10	15	11	3	9	4	3	3	13	10	14	1	x	2	5	5	14	5	12	4	9	1	8	5	5	x	3	6	13	9	4	7	4	2	10	14	1	5	9	7	6	9	1	6	1	14	7	9	15	2	3	3	14	10	15	5	4	12	5	7	15	1	7	2	3	x	12	9	9	15	11	11	6	5	5	12	4	5	1	2	10	3	14	10	1	6	11	4	x	13	15	14	3	4	3	5	5	14	9	7	9	11	3	x	9	9	1	8	9	3	x	1	1	2	10	7	3	5	3	7	9	2	3	2	8	11	11	15	8	9	13	13	11	5	2	5	1	x	7	12	8	15	7	7	2	6	3	7	14	5	10	4	12	x	x	7	11
10	x	3	2	7	1	5	4	7	5	9	8	8	7	2	8	7	5	10	7	8	6	8	5	3	7	x	10	1	3	5	4	9	6	7	4	8	6	10	7	3	8	1	4	9	5	9	3	4	9	9	7	4	8	7	x	6	3	3	8	11	6	10	3	7	2	3	11	x	9	2	7	3	10	1	4	8	4	8	7	11	3	1	2	3	7	2	7	8	1	3	9	8	9	5	8	4	9	11	4	6	3	1	9	7	1	8	9	x	6	3	3	9	5	5	2	3	11	6	10	11	7	6	4	5	8	4	7	2	5	10	x	7	9	8	5	4	9	3	11	8	3	1	3	5	5	x	3	3	7	2	3	5	x	7	7	6	4	1	9	11	9	1	3	8	5	6	2	5	5	9	2	3	7	7	5	3	8	3	7	7	x	6	2	9	1	1	6	2	5	1	8	3	4	10	6	x	x	1	5
5	x	8	5	12	6	10	3	12	10	4	13	3	12	7	3	2	10	15	2	3	1	3	10	4	12	x	15	6	8	10	3	14	1	2	3	3	1	15	2	8	13	6	3	4	2	14	4	9	14	14	2	3	3	12	x	11	8	8	3	16	1	15	4	12	5	8	16	x	14	7	2	4	15	6	9	13	3	3	12	16	4	6	7	4	12	7	12	3	6	4	4	13	14	10	3	3	4	16	9	1	8	6	4	12	6	13	14	x	1	4	4	4	2	2	7	8	16	1	15	16	12	11	3	10	3	3	12	7	2	15	x	2	4	3	10	9	14	8	16	3	4	6	4	2	10	x	4	4	12	5	4	10	x	12	12	11	3	6	14	16	14	6	4	13	10	11	5	2	2	4	5	4	2	2	2	8	13	8	12	12	6	x	5	4	6	6	11	7	10	6	3	8	3	15	1	x	x	6	2
9	x	4	1	8	2	6	3	8	6	8	9	7	8	3	7	6	6	11	6	7	5	7	6	2	8	x	11	2	4	6	3	10	5	6	3	7	5	11	6	4	9	2	3	8	4	10	2	5	10	10	6	3	7	8	x	7	4	4	7	12	5	11	2	8	1	4	12	x	10	3	6	2	11	2	5	9	3	7	8	12	2	2	3	2	8	3	8	7	2	2	8	9	10	6	7	3	8	12	5	5	4	2	8	8	2	9	10	x	5	2	2	8	4	4	3	4	12	5	11	12	8	7	3	6	7	3	8	3	4	11	x	6	8	7	6	5	10	4	12	7	2	2	2	4	6	x	2	2	8	1	2	6	x	8	8	7	3	2	10	12	10	2	2	9	6	7	1	4	4	8	1	2	6	6	4	4	9	4	8	8	2	5	x	8	2	2	7	3	6	2	7	4	3	11	5	x	x	2	4
2	x	11	8	15	9	13	6	15	13	1	16	2	15	10	2	3	13	18	3	2	4	2	13	7	15	x	18	9	11	13	6	17	4	3	6	2	4	18	3	11	16	9	6	1	5	17	7	12	17	17	3	6	2	15	x	14	11	11	2	19	4	18	7	15	8	11	19	x	17	10	3	7	18	9	12	16	6	2	15	19	7	9	10	7	15	10	15	2	9	7	1	16	17	13	2	6	1	19	12	4	11	9	1	15	9	16	17	x	4	7	7	1	5	5	10	11	19	4	18	19	15	14	6	13	2	6	15	10	5	18	x	3	1	2	13	12	17	11	19	2	7	9	7	5	13	x	7	7	15	8	7	13	x	15	15	14	6	9	17	19	17	9	7	16	13	14	8	5	5	1	8	7	3	3	5	11	16	11	15	15	9	4	8	x	9	9	14	10	13	9	2	11	6	18	4	x	x	9	5
10	x	3	2	7	1	5	4	7	5	9	8	8	7	2	8	7	5	10	7	8	6	8	5	3	7	x	10	1	3	5	4	9	6	7	4	8	6	10	7	3	8	1	4	9	5	9	3	4	9	9	7	4	8	7	x	6	3	3	8	11	6	10	3	7	2	3	11	x	9	2	7	3	10	1	4	8	4	8	7	11	3	1	2	3	7	2	7	8	1	3	9	8	9	5	8	4	9	11	4	6	3	1	9	7	1	8	9	x	6	3	3	9	5	5	2	3	11	6	10	11	7	6	4	5	8	4	7	2	5	10	x	7	9	8	5	4	9	3	11	8	3	1	3	5	5	x	3	3	7	2	3	5	x	7	7	6	4	1	9	11	9	1	3	8	5	6	2	5	5	9	2	3	7	7	5	3	8	3	7	7	1	6	2	9	x	1	6	2	5	1	8	3	4	10	6	x	x	1	5
10	x	3	2	7	1	5	4	7	5	9	8	8	7	2	8	7	5	10	7	8	6	8	5	3	7	x	10	1	3	5	4	9	6	7	4	8	6	10	7	3	8	1	4	9	5	9	3	4	9	9	7	4	8	7	x	6	3	3	8	11	6	10	3	7	2	3	11	x	9	2	7	3	10	1	4	8	4	8	7	11	3	1	2	3	7	2	7	8	1	3	9	8	9	5	8	4	9	11	4	6	3	1	9	7	1	8	9	x	6	3	3	9	5	5	2	3	11	6	10	11	7	6	4	5	8	4	7	2	5	10	x	7	9	8	5	4	9	3	11	8	3	1	3	5	5	x	3	3	7	2	3	5	x	7	7	6	4	1	9	11	9	1	3	8	5	6	2	5	5	9	2	3	7	7	5	3	8	3	7	7	1	6	2	9	1	x	6	2	5	1	8	3	4	10	6	x	x	1	5
15	x	4	7	2	6	2	9	2	2	14	3	13	2	5	13	12	2	5	12	13	11	13	2	8	2	x	5	6	4	2	9	4	11	12	9	13	11	5	12	4	3	6	9	14	10	4	8	3	4	4	12	9	13	2	x	1	4	4	13	6	11	5	8	2	7	4	6	x	4	5	12	8	5	6	3	3	9	13	2	6	8	6	5	8	2	5	2	13	6	8	14	3	4	2	13	9	14	6	3	11	4	6	14	2	6	3	4	x	11	8	8	14	10	10	5	4	6	11	5	6	2	1	9	2	13	9	2	5	10	5	x	12	14	13	2	3	4	4	6	13	8	6	8	10	2	x	8	8	2	7	8	2	x	2	2	1	9	6	4	6	4	6	8	3	2	1	7	10	10	14	7	8	12	12	10	4	3	4	2	2	6	11	7	14	6	6	x	5	2	6	13	4	9	5	11	x	x	6	10
11	x	2	3	6	2	4	5	6	4	10	7	9	6	1	9	8	4	9	8	9	7	9	4	4	6	x	9	2	2	4	5	8	7	8	5	9	7	9	8	2	7	2	5	10	6	8	4	3	8	8	8	5	9	6	x	5	2	2	9	10	7	9	4	6	3	2	10	x	8	1	8	4	9	2	3	7	5	9	6	10	4	2	1	4	6	1	6	9	2	4	10	7	8	4	9	5	10	10	3	7	2	2	10	6	2	7	8	x	7	4	4	10	6	6	1	2	10	7	9	10	6	5	5	4	9	5	6	1	6	9	x	8	10	9	4	3	8	2	10	9	4	2	4	6	4	x	4	4	6	3	4	4	x	6	6	5	5	2	8	10	8	2	4	7	4	5	3	6	6	10	3	4	8	8	6	2	7	2	6	6	2	7	3	10	2	2	5	x	4	2	9	2	5	9	7	x	x	2	6
14	x	3	6	3	5	1	8	3	1	13	4	12	3	4	12	11	1	6	11	12	10	12	1	7	3	x	6	5	3	1	8	5	10	11	8	12	10	6	11	3	4	5	8	13	9	5	7	2	5	5	11	8	12	3	x	2	3	3	12	7	10	6	7	3	6	3	7	x	5	4	11	7	6	5	2	4	8	12	3	7	7	5	4	7	3	4	3	12	5	7	13	4	5	1	12	8	13	7	2	10	3	5	13	3	5	4	5	x	10	7	7	13	9	9	4	3	7	10	6	7	3	2	8	1	12	8	3	4	9	6	x	11	13	12	1	2	5	3	7	12	7	5	7	9	1	x	7	7	3	6	7	1	x	3	3	2	8	5	5	7	5	5	7	4	1	2	6	9	9	13	6	7	11	11	9	3	4	3	3	3	5	10	6	13	5	5	2	4	x	5	12	3	8	6	10	x	x	5	9
10	x	3	2	7	1	5	4	7	5	9	8	8	7	2	8	7	5	10	7	8	6	8	5	3	7	x	10	1	3	5	4	9	6	7	4	8	6	10	7	3	8	1	4	9	5	9	3	4	9	9	7	4	8	7	x	6	3	3	8	11	6	10	3	7	2	3	11	x	9	2	7	3	10	1	4	8	4	8	7	11	3	1	2	3	7	2	7	8	1	3	9	8	9	5	8	4	9	11	4	6	3	1	9	7	1	8	9	x	6	3	3	9	5	5	2	3	11	6	10	11	7	6	4	5	8	4	7	2	5	10	x	7	9	8	5	4	9	3	11	8	3	1	3	5	5	x	3	3	7	2	3	5	x	7	7	6	4	1	9	11	9	1	3	8	5	6	2	5	5	9	2	3	7	7	5	3	8	3	7	7	1	6	2	9	1	1	6	2	5	x	8	3	4	10	6	x	x	1	5
3	x	10	7	14	8	12	5	14	12	2	15	1	14	9	1	2	12	17	2	1	3	1	12	6	14	x	17	8	10	12	5	16	3	2	5	1	3	17	2	10	15	8	5	2	4	16	6	11	16	16	2	5	1	14	x	13	10	10	1	18	3	17	6	14	7	10	18	x	16	9	2	6	17	8	11	15	5	1	14	18	6	8	9	6	14	9	14	1	8	6	2	15	16	12	1	5	2	18	11	3	10	8	2	14	8	15	16	x	3	6	6	2	4	4	9	10	18	3	17	18	14	13	5	12	1	5	14	9	4	17	x	2	2	1	12	11	16	10	18	1	6	8	6	4	12	x	6	6	14	7	6	12	x	14	14	13	5	8	16	18	16	8	6	15	12	13	7	4	4	2	7	6	2	2	4	10	15	10	14	14	8	3	7	2	8	8	13	9	12	8	x	10	5	17	3	x	x	8	4
12	x	1	4	5	3	3	6	5	3	11	6	10	5	2	10	9	3	8	9	10	8	10	3	5	5	x	8	3	1	3	6	7	8	9	6	10	8	8	9	1	6	3	6	11	7	7	5	2	7	7	9	6	10	5	x	4	1	1	10	9	8	8	5	5	4	1	9	x	7	2	9	5	8	3	2	6	6	10	5	9	5	3	2	5	5	2	5	10	3	5	11	6	7	3	10	6	11	9	2	8	1	3	11	5	3	6	7	x	8	5	5	11	7	7	2	1	9	8	8	9	5	4	6	3	10	6	5	2	7	8	x	9	11	10	3	2	7	1	9	10	5	3	5	7	3	x	5	5	5	4	5	3	x	5	5	4	6	3	7	9	7	3	5	6	3	4	4	7	7	11	4	5	9	9	7	1	6	1	5	5	3	8	4	11	3	3	4	2	3	3	10	x	6	8	8	x	x	3	7
7	x	6	3	10	4	8	1	10	8	6	11	5	10	5	5	4	8	13	4	5	3	5	8	2	10	x	13	4	6	8	1	12	3	4	1	5	3	13	4	6	11	4	1	6	2	12	2	7	12	12	4	1	5	10	x	9	6	6	5	14	3	13	2	10	3	6	14	x	12	5	4	2	13	4	7	11	1	5	10	14	2	4	5	2	10	5	10	5	4	2	6	11	12	8	5	1	6	14	7	3	6	4	6	10	4	11	12	x	3	2	2	6	2	2	5	6	14	3	13	14	10	9	1	8	5	1	10	5	2	13	x	4	6	5	8	7	12	6	14	5	2	4	2	2	8	x	2	2	10	3	2	8	x	10	10	9	1	4	12	14	12	4	2	11	8	9	3	2	2	6	3	2	4	4	2	6	11	6	10	10	4	3	3	6	4	4	9	5	8	4	5	6	x	13	3	x	x	4	2
19	x	8	11	4	10	6	13	4	6	18	3	17	4	9	17	16	6	1	16	17	15	17	6	12	4	x	1	10	8	6	13	2	15	16	13	17	15	1	16	8	3	10	13	18	14	2	12	7	2	2	16	13	17	4	x	5	8	8	17	2	15	1	12	4	11	8	2	x	2	9	16	12	1	10	7	3	13	17	4	2	12	10	9	12	4	9	4	17	10	12	18	3	2	6	17	13	18	2	7	15	8	10	18	4	10	3	2	x	15	12	12	18	14	14	9	8	2	15	1	2	4	5	13	6	17	13	4	9	14	1	x	16	18	17	6	7	2	8	2	17	12	10	12	14	6	x	12	12	4	11	12	6	x	4	4	5	13	10	2	2	2	10	12	3	6	5	11	14	14	18	11	12	16	16	14	8	3	8	4	4	10	15	11	18	10	10	5	9	6	10	17	8	13	x	15	x	x	10	14
5	x	8	5	12	6	10	3	12	10	4	13	3	12	7	3	2	10	15	2	3	1	3	10	4	12	x	15	6	8	10	3	14	1	2	3	3	1	15	2	8	13	6	3	4	2	14	4	9	14	14	2	3	3	12	x	11	8	8	3	16	1	15	4	12	5	8	16	x	14	7	2	4	15	6	9	13	3	3	12	16	4	6	7	4	12	7	12	3	6	4	4	13	14	10	3	3	4	16	9	1	8	6	4	12	6	13	14	x	1	4	4	4	2	2	7	8	16	1	15	16	12	11	3	10	3	3	12	7	2	15	x	2	4	3	10	9	14	8	16	3	4	6	4	2	10	x	4	4	12	5	4	10	x	12	12	11	3	6	14	16	14	6	4	13	10	11	5	2	2	4	5	4	2	2	2	8	13	8	12	12	6	1	5	4	6	6	11	7	10	6	3	8	3	15	x	x	x	6	2
1	x	x	x	x	x	x	x	x	x	x	x	x	x	x	x	x	x	x	x	x	x	x	x	x	x	x	x	x	x	x	x	x	x	x	x	x	x	x	x	x	x	x	x	x	x	x	x	x	x	x	x	x	x	x	x	x	x	x	x	x	x	x	x	x	x	x	x	x	x	x	x	x	x	x	x	x	x	x	x	x	x	x	x	x	x	x	x	x	x	x	x	x	x	x	x	x	x	x	x	x	x	x	x	x	x	x	x	x	x	x	x	x	x	x	x	x	x	x	x	x	x	x	x	x	x	x	x	x	x	x	x	x	x	x	x	x	x	x	x	x	x	x	x	x	x	x	x	x	x	x	x	x	x	x	x	x	x	x	x	x	x	x	x	x	x	x	x	x	x	x	x	x	x	x	x	x	x	x	x	x	x	x	x	x	x	x	x	x	x	x	x	x	x	x	x	x	x	x	x
1	x	x	x	x	x	x	x	x	x	x	x	x	x	x	x	x	x	x	x	x	x	x	x	x	x	x	x	x	x	x	x	x	x	x	x	x	x	x	x	x	x	x	x	x	x	x	x	x	x	x	x	x	x	x	x	x	x	x	x	x	x	x	x	x	x	x	x	x	x	x	x	x	x	x	x	x	x	x	x	x	x	x	x	x	x	x	x	x	x	x	x	x	x	x	x	x	x	x	x	x	x	x	x	x	x	x	x	x	x	x	x	x	x	x	x	x	x	x	x	x	x	x	x	x	x	x	x	x	x	x	x	x	x	x	x	x	x	x	x	x	x	x	x	x	x	x	x	x	x	x	x	x	x	x	x	x	x	x	x	x	x	x	x	x	x	x	x	x	x	x	x	x	x	x	x	x	x	x	x	x	x	x	x	x	x	x	x	x	x	x	x	x	x	x	x	x	x	x	x
10	x	3	2	7	1	5	4	7	5	9	8	8	7	2	8	7	5	10	7	8	6	8	5	3	7	x	10	1	3	5	4	9	6	7	4	8	6	10	7	3	8	1	4	9	5	9	3	4	9	9	7	4	8	7	x	6	3	3	8	11	6	10	3	7	2	3	11	x	9	2	7	3	10	1	4	8	4	8	7	11	3	1	2	3	7	2	7	8	1	3	9	8	9	5	8	4	9	11	4	6	3	1	9	7	1	8	9	x	6	3	3	9	5	5	2	3	11	6	10	11	7	6	4	5	8	4	7	2	5	10	x	7	9	8	5	4	9	3	11	8	3	1	3	5	5	x	3	3	7	2	3	5	x	7	7	6	4	1	9	11	9	1	3	8	5	6	2	5	5	9	2	3	7	7	5	3	8	3	7	7	1	6	2	9	1	1	6	2	5	1	8	3	4	10	6	x	x	x	5
6	x	7	4	11	5	9	2	11	9	5	12	4	11	6	4	3	9	14	3	4	2	4	9	3	11	x	14	5	7	9	2	13	2	3	2	4	2	14	3	7	12	5	2	5	1	13	3	8	13	13	3	2	4	11	x	10	7	7	4	15	2	14	3	11	4	7	15	x	13	6	3	3	14	5	8	12	2	4	11	15	3	5	6	3	11	6	11	4	5	3	5	12	13	9	4	2	5	15	8	2	7	5	5	11	5	12	13	x	2	3	3	5	1	1	6	7	15	2	14	15	11	10	2	9	4	2	11	6	1	14	x	3	5	4	9	8	13	7	15	4	3	5	3	1	9	x	3	3	11	4	3	9	x	11	11	10	2	5	13	15	13	5	3	12	9	10	4	1	1	5	4	3	3	3	1	7	12	7	11	11	5	2	4	5	5	5	10	6	9	5	4	7	2	14	2	x	x	5	x
