100
40
_l1 _l2 _l3 _l4 _l5 _l6 _l7 _l8 _l9 _l10 _l11 _l12 _l13 _l14 _l15 _l16 _l17 _l18 _l19 _l20 _l21 _l22 _l23 _l24 _l25 _l26 _l27 _l28 _l29 _l30 _l31 _l32 _l33 _l34 _l35 _l36 _l37 _l38 _l39 _l40 _l41 _l42 _l43 _l44 _l45 _l46 _l47 _l48 _l49 _l50 _l51 _l52 _l53 _l54 _l55 _l56 _l57 _l58 _l59 _l60 _l61 _l62 _l63 _l64 _l65 _l66 _l67 _l68 _l69 _l70 _l71 _l72 _l73 _l74 _l75 _l76 _l77 _l78 _l79 _l80 _l81 _l82 _l83 _l84 _l85 _l86 _l87 _l88 _l89 _l90 _l91 _l92 _l93 _l94 _l95 _l96 _l97 _l98 _l99 _l100
_l1 _l2 _l3 _l43 _l5 _l51 _l7 _l55 _l9 _l60 _l63 _l65 _l13 _l70 _l15 _l16 _l17 _l71 _l19 _l20 _l72 _l22 _l23 _l24 _l83 _l84 _l85 _l28 _l29 _l88 _l31 _l90 _l33 _l34 _l93 _l36 _l37 _l100 _l39 _l40
_l1
x 5 9 3 6 6 6 6 8 6 6 7 7 6 10 5 5 7 5 5 4 9 7 8 7 7 4 1 3 9 5 4 5 3 7 1 5 7 6 9 9 7 8 10 5 6 4 7 9 3 5 9 4 9 7 8 7 6 8 7 2 5 9 7 4 7 8 2 8 1 3 3 9 8 11 6 11 4 6 7 9 7 3 6 6 4 8 2 9 7 2 6 5 7 8 7 5 10 8 4
5 x 8 8 1 9 8 8 9 6 7 10 7 9 9 5 7 9 10 8 6 6 3 7 4 9 6 6 8 8 5 7 8 2 6 4 5 8 10 8 8 3 10 7 7 6 9 3 12 6 5 8 3 9 6 10 9 8 8 2 5 4 13 4 6 9 7 7 9 6 4 6 6 10 11 7 9 6 5 8 8 6 6 5 2 3 8 5 6 9 5 8 4 10 5 6 7 7 8 8
9 8 x 9 7 9 8 12 11 8 10 12 7 11 9 9 8 8 12 12 8 8 5 11 9 8 11 10 9 7 7 11 7 7 4 8 9 11 13 8 10 9 10 10 12 11 11 8 10 10 10 6 6 10 11 8 10 13 12 8 9 9 13 7 11 14 9 8 10 10 9 10 10 14 14 12 12 10 8 10 10 9 10 5 10 8 9 9 12 12 10 9 9 14 3 9 11 5 6 10
3 8 9 x 9 6 5 7 8 5 6 10 6 6 13 8 8 8 3 8 7 6 9 8 10 6 7 4 2 6 8 7 2 6 9 4 8 7 8 6 6 10 11 9 8 4 2 10 9 6 5 8 7 8 10 8 6 9 8 9 5 8 11 9 6 10 5 1 7 4 6 6 6 7 8 9 10 7 9 7 11 9 6 9 8 7 7 5 11 7 5 7 6 10 10 4 7 9 8 3
6 1 7 9 x 8 7 9 8 5 7 9 6 10 8 4 8 8 11 8 5 5 2 8 3 8 7 7 9 8 4 7 9 3 5 5 5 7 9 7 9 2 9 6 8 7 10 2 11 7 6 7 4 8 7 9 8 9 8 1 6 5 12 3 7 10 6 8 9 7 5 7 5 11 12 8 8 5 6 7 7 7 6 6 3 4 7 6 5 9 6 8 5 11 4 7 6 6 7 7
6 9 9 6 8 x 3 3 7 8 6 11 2 2 12 5 6 8 9 9 8 8 8 7 9 4 5 7 7 9 9 8 8 7 7 5 4 7 11 8 6 10 8 8 4 8 8 6 3 3 7 6 8 7 6 2 1 4 8 7 4 7 11 5 6 8 9 6 5 7 9 7 9 10 13 7 8 4 7 7 9 8 5 8 9 6 6 6 11 3 8 8 8 7 6 8 7 5 6 8
6 8 8 5 7 3 x 6 5 6 3 9 1 5 11 6 9 8 8 7 5 6 7 6 8 1 8 7 5 7 6 8 7 6 6 7 3 4 10 7 7 9 6 7 7 6 7 5 6 6 7 3 7 6 5 5 4 7 5 6 7 7 9 4 8 11 7 4 2 7 8 8 8 12 11 10 5 6 7 4 8 6 5 7 9 5 6 7 10 6 7 7 8 9 5 5 4 4 3 6
6 8 12 7 9 3 6 x 4 5 6 12 5 1 12 8 4 8 6 8 8 7 10 4 10 7 2 7 9 7 9 8 7 7 10 6 6 5 8 7 3 9 8 7 1 5 7 9 6 4 4 7 8 8 9 5 4 7 5 9 5 8 10 8 5 5 8 8 8 5 7 8 6 9 13 10 11 7 7 5 12 8 7 10 6 8 7 7 9 2 8 7 5 4 9 5 7 8 9 7
8 9 11 8 8 7 5 4 x 7 2 8 6 5 10 5 8 4 7 4 4 3 7 5 7 6 6 9 10 6 5 5 6 7 8 7 8 1 9 6 6 8 8 6 5 6 8 6 9 8 5 7 7 5 9 8 8 11 4 7 8 7 6 5 5 9 4 9 4 8 7 7 5 9 10 10 7 6 5 1 9 5 7 9 8 6 6 6 10 6 6 3 6 6 8 4 3 6 8 9
6 6 8 5 5 8 6 5 7 x 6 11 7 6 11 7 9 6 7 9 8 8 7 6 7 6 3 5 5 8 9 9 7 5 8 7 8 7 9 8 8 7 8 9 4 3 7 5 11 6 2 5 6 3 9 6 8 11 7 4 7 7 12 6 3 6 7 4 4 6 7 9 10 7 13 10 10 8 8 7 10 9 8 8 7 6 2 8 8 7 8 5 3 9 7 6 7 6 4 2
6 7 10 6 7 6 3 6 2 6 x 6 4 7 9 3 6 5 7 4 2 3 5 3 5 4 7 7 8 4 3 5 4 5 7 5 6 1 8 4 4 6 6 4 6 7 8 6 9 7 6 6 6 3 8 8 7 10 2 7 6 6 6 5 6 10 4 7 2 7 5 5 5 10 8 8 7 4 4 1 7 3 5 8 6 4 4 4 10 8 4 4 5 6 7 2 1 6 6 8
7 10 12 10 9 11 9 12 8 11 6 x 10 13 15 9 9 9 11 10 4 9 7 9 7 10 11 8 10 10 5 11 10 8 10 8 11 7 13 10 10 8 12 10 12 12 10 11 14 10 11 12 9 9 5 13 10 7 8 10 9 7 12 10 11 14 8 9 8 8 6 10 11 13 14 9 13 10 10 7 9 9 9 11 11 9 10 9 14 14 5 10 10 12 9 8 7 11 12 9
7 7 7 6 6 2 1 5 6 7 4 10 x 4 10 6 8 9 9 8 6 7 6 7 8 2 7 8 6 8 7 9 8 5 5 6 2 5 9 8 8 8 7 6 6 7 8 4 5 5 8 4 6 7 6 4 3 6 6 5 6 6 9 3 8 10 8 5 3 6 7 8 9 11 12 9 6 5 8 5 7 7 4 6 8 4 7 7 9 5 8 8 7 9 4 6 5 5 4 7
6 9 11 6 10 2 5 1 5 6 7 13 4 x 12 7 5 9 7 9 9 8 10 5 11 6 3 7 8 7 10 8 8 7 9 5 5 6 9 8 4 10 7 8 2 6 7 8 5 3 5 8 8 9 8 4 3 6 6 9 4 7 11 7 6 6 9 7 7 6 8 7 7 10 14 9 10 6 8 6 11 9 7 10 7 7 8 6 10 1 8 8 6 5 8 6 6 7 8 8
10 9 9 13 8 12 11 12 10 11 9 15 10 12 x 7 8 9 14 9 11 10 8 11 9 11 12 11 13 8 10 8 12 7 5 9 10 10 14 9 12 8 10 9 11 11 14 8 14 11 10 9 6 12 11 11 11 13 11 7 10 9 14 8 11 15 9 12 11 11 9 11 12 13 11 12 14 8 5 10 9 6 9 4 10 8 12 10 3 12 10 10 9 15 6 10 9 8 9 13
5 5 9 8 4 5 6 8 5 7 3 9 6 7 7 x 5 8 9 7 5 6 6 6 7 5 7 6 8 7 6 7 7 5 7 4 4 4 11 7 7 6 6 7 8 6 8 6 8 6 7 7 4 6 6 7 4 7 5 5 5 4 9 5 7 10 7 7 5 4 7 6 8 11 8 10 9 1 2 4 9 3 2 6 7 6 7 5 9 8 7 7 7 9 6 5 2 8 3 9
5 7 8 8 8 6 9 4 8 9 6 9 8 5 8 5 x 10 10 7 6 9 7 3 9 10 6 6 8 9 7 7 10 5 6 4 8 7 11 9 7 10 7 6 5 8 9 10 9 6 7 8 5 9 9 4 7 9 4 9 5 7 12 9 8 9 10 7 8 6 3 6 10 12 9 8 13 6 3 7 11 4 6 7 8 6 8 5 11 6 4 10 6 8 5 8 7 7 8 9
7 9 8 8 8 8 8 8 4 6 5 9 9 9 9 8 10 x 10 7 5 4 6 8 6 9 9 8 10 6 4 8 6 7 4 8 10 4 12 8 9 7 11 9 9 5 9 8 5 8 4 8 7 8 11 10 8 11 7 8 9 9 9 7 3 12 3 9 7 6 8 10 6 7 12 11 10 9 9 5 8 8 8 5 10 8 8 9 9 10 7 1 5 9 5 7 6 7 8 8
5 10 12 3 11 9 8 6 7 7 7 11 9 7 14 9 10 10 x 9 9 9 10 8 10 9 4 4 5 9 8 9 5 8 9 6 9 6 10 9 9 11 12 11 5 7 1 12 12 7 8 11 9 10 11 9 9 11 9 11 6 9 11 12 7 7 8 4 9 5 8 8 9 10 11 11 12 8 11 8 12 10 7 10 8 9 9 7 13 7 7 9 9 10 10 7 8 12 11 6
5 8 12 8 8 9 7 8 4 9 4 10 8 9 9 7 7 7 9 x 6 7 9 4 5 8 8 6 8 6 7 1 6 6 9 4 8 3 10 6 6 6 8 7 7 8 9 9 12 6 7 10 7 7 10 10 10 9 5 8 5 8 8 9 6 11 8 7 6 6 8 6 9 10 12 11 9 7 8 5 11 7 6 8 8 7 8 5 6 10 7 6 7 8 10 4 5 9 10 9
4 6 8 7 5 8 5 8 4 8 2 4 6 9 11 5 6 5 9 6 x 5 3 5 3 6 8 5 7 6 1 7 6 5 6 5 8 3 10 6 6 4 8 6 8 8 8 7 10 7 8 8 6 5 9 10 9 10 4 6 6 7 8 7 8 11 6 6 4 5 3 7 7 9 10 6 9 6 6 3 5 5 7 7 7 6 6 6 10 10 2 6 7 8 5 4 3 7 8 8
9 6 8 6 5 8 6 7 3 8 3 9 7 8 10 6 9 4 9 7 5 x 7 6 7 6 9 10 8 4 6 8 4 8 6 8 8 4 11 6 7 7 9 7 8 7 8 5 9 10 6 4 9 6 9 6 9 11 5 4 9 7 9 6 5 12 1 7 5 8 8 8 2 9 11 11 10 7 7 2 8 6 8 7 8 7 7 7 7 9 7 3 7 9 5 5 4 3 8 9
7 3 5 9 2 8 7 10 7 7 5 7 6 10 8 6 7 6 10 9 3 7 x 8 4 7 9 8 10 6 2 8 7 5 3 7 7 6 11 7 7 4 7 8 10 9 9 4 11 9 8 5 6 8 9 7 9 11 7 3 8 7 11 5 9 12 8 9 7 8 6 9 7 10 13 9 10 7 8 6 6 8 8 4 5 6 8 8 7 11 5 7 7 11 2 5 6 4 5 9
8 7 11 8 8 7 6 4 5 6 3 9 7 5 11 6 3 8 8 4 5 6 8 x 8 7 4 9 10 7 6 5 7 5 9 7 8 4 10 6 7 9 4 3 3 5 9 7 10 7 4 9 6 6 9 7 8 11 1 8 8 7 9 6 5 7 7 9 5 7 6 8 8 9 11 10 10 7 6 4 10 6 8 8 8 6 7 7 9 6 7 7 3 8 8 5 4 9 8 8
7 4 9 10 3 9 8 10 7 7 5 7 8 11 9 7 9 6 10 5 3 7 4 8 x 7 8 8 10 9 2 4 9 5 6 7 7 6 11 7 9 1 11 8 9 9 9 4 11 9 8 5 6 8 9 7 10 11 7 3 8 7 11 5 9 11 8 9 7 8 6 9 8 10 13 9 7 8 8 6 6 8 9 5 4 6 8 8 7 11 5 7 7 11 6 7 6 4 9 9
7 9 8 6 8 4 1 7 6 6 4 10 2 6 11 5 10 9 9 8 6 6 7 7 7 x 9 8 6 8 7 9 8 7 6 8 4 5 11 6 6 8 6 8 8 7 8 6 7 7 8 2 8 6 6 6 5 8 6 7 8 8 10 5 9 11 7 5 3 8 9 9 8 12 12 11 4 6 7 5 8 7 6 7 10 6 5 8 9 7 8 8 9 10 5 6 5 3 2 7
4 6 11 7 7 5 8 2 6 3 7 11 7 3 12 7 6 9 4 8 8 9 9 4 8 9 x 5 7 9 9 8 9 7 11 5 7 7 6 9 5 7 8 7 1 6 5 8 8 5 5 8 8 6 9 5 6 9 5 7 6 7 9 9 6 3 10 6 7 3 7 7 8 10 14 10 13 6 9 7 13 10 5 10 4 8 5 6 9 4 6 8 6 6 10 7 8 8 7 5
1 6 10 4 7 7 7 7 9 5 7 8 8 7 11 6 6 8 4 6 5 10 8 9 8 8 5 x 4 10 6 5 6 4 8 2 6 8 7 10 10 8 9 11 6 7 3 8 10 4 6 10 5 8 8 9 8 7 9 8 3 6 10 8 5 8 9 3 9 2 4 4 10 9 12 7 12 5 7 8 10 8 4 7 7 5 7 3 10 8 3 7 6 8 9 8 6 11 9 5
3 8 9 2 9 7 5 9 10 5 8 10 6 8 13 8 8 10 5 8 7 8 10 10 10 6 7 4 x 8 8 7 4 6 10 4 8 9 9 8 8 10 11 10 8 6 4 10 10 6 7 8 7 8 10 9 6 9 10 9 5 8 12 9 7 10 7 1 7 4 6 6 8 9 10 9 10 7 9 9 12 10 6 9 9 7 7 5 12 9 5 9 8 10 10 6 7 9 8 3
9 8 7 6 8 9 7 7 6 8 4 10 8 7 8 7 9 6 9 6 6 4 6 7 9 8 9 10 8 x 7 5 4 7 3 8 7 5 8 4 4 8 10 7 8 7 8 7 11 10 6 7 6 7 11 9 10 13 6 8 9 9 9 6 7 11 3 7 6 10 7 9 6 11 12 12 11 8 8 5 9 7 9 4 6 8 8 8 9 8 8 5 5 10 4 2 5 6 7 9
5 5 7 8 4 9 6 9 5 9 3 5 7 10 10 6 7 4 8 7 1 6 2 6 2 7 9 6 8 7 x 6 7 6 5 6 9 4 11 7 7 3 9 7 9 7 7 6 9 8 8 7 7 6 9 9 10 11 5 5 7 8 9 7 7 12 7 7 5 6 4 8 8 8 11 7 9 7 7 4 4 6 8 6 6 7 7 7 9 11 3 5 8 9 4 5 4 6 7 9
4 7 11 7 7 8 8 8 5 9 5 11 9 8 8 7 7 8 9 1 7 8 8 5 4 9 8 5 7 5 6 x 5 5 8 3 7 4 9 5 5 5 9 8 8 8 8 8 11 5 7 9 6 8 9 10 9 8 6 7 4 7 9 9 7 11 8 6 7 5 7 5 9 11 13 10 10 6 8 6 10 8 5 8 7 6 9 4 5 9 6 7 6 9 9 3 6 8 10 8
5 8 7 2 9 8 7 7 6 7 4 10 8 8 12 7 10 6 5 6 6 4 7 7 9 8 9 6 4 4 7 5 x 7 7 6 10 5 8 4 4 9 10 7 8 6 4 9 11 8 6 8 8 7 9 10 8 11 6 8 7 9 9 9 7 11 3 3 6 6 7 8 4 9 10 11 11 8 8 5 11 7 8 8 6 8 8 7 9 9 7 5 5 10 8 2 5 7 10 5
3 2 7 6 3 7 6 7 7 5 5 8 5 7 7 5 5 7 8 6 5 8 5 5 5 7 7 4 6 7 6 5 7 x 4 2 3 6 9 7 7 5 9 8 8 4 7 5 10 4 3 8 1 8 4 9 8 6 6 4 3 2 11 6 4 10 8 5 7 4 2 4 8 8 9 5 11 5 3 6 8 4 4 3 3 1 7 3 8 7 3 6 2 8 5 5 6 7 8 7
7 6 4 9 5 7 6 10 8 8 7 10 5 9 5 7 6 4 9 9 6 6 3 9 6 6 11 8 10 3 5 8 7 4 x 6 7 8 9 4 7 5 8 6 11 8 10 4 9 8 7 4 3 8 8 6 8 10 8 5 7 6 9 3 7 12 6 9 8 8 6 8 8 10 11 9 10 7 5 7 6 6 8 1 7 5 7 7 8 10 7 5 6 12 1 5 8 3 4 10
1 4 8 4 5 5 7 6 7 7 5 8 6 5 9 4 4 8 6 4 5 8 7 7 7 8 5 2 4 8 6 3 6 2 6 x 4 6 7 8 8 7 7 9 6 6 5 6 8 2 5 10 3 8 6 7 6 5 7 6 1 4 10 7 5 8 9 3 7 2 4 2 10 9 11 7 12 3 5 6 10 6 2 5 5 3 9 1 8 6 3 7 4 6 7 6 4 9 7 5
5 5 9 8 5 4 3 6 8 8 6 11 2 5 10 4 8 10 9 8 8 8 7 8 7 4 7 6 8 7 9 7 10 3 7 4 x 7 11 10 9 7 9 8 7 7 8 5 7 6 6 6 4 9 6 6 5 8 8 4 5 4 8 5 7 10 9 7 5 4 5 6 10 11 10 8 8 3 6 7 9 7 2 6 6 2 9 5 8 4 6 9 5 10 6 8 6 7 6 9
7 8 11 7 7 7 4 5 1 7 1 7 5 6 10 4 7 4 6 3 3 4 6 4 6 5 7 8 9 5 4 4 5 6 8 6 7 x 8 5 5 7 7 5 6 7 7 7 9 8 6 7 7 4 9 7 8 11 3 6 7 7 5 6 5 10 5 8 3 8 6 6 6 9 9 9 6 5 5 2 8 4 6 9 7 5 5 5 9 7 5 3 6 5 8 3 2 7 7 9
6 10 13 8 9 11 10 8 9 9 8 13 9 9 14 11 11 12 10 10 10 11 11 10 11 11 6 7 9 8 11 9 8 9 9 7 11 8 x 8 8 11 8 9 7 11 10 7 14 9 10 12 10 11 13 11 12 12 10 8 8 11 3 6 10 3 11 8 10 7 9 9 12 14 8 12 14 10 12 9 10 11 9 10 10 10 11 8 11 10 8 11 9 11 10 6 9 11 12 10
9 8 8 6 7 8 7 7 6 8 4 10 8 8 9 7 9 8 9 6 6 6 7 6 7 6 9 10 8 4 7 5 4 7 4 8 10 5 8 x 4 8 10 3 8 7 8 7 11 10 6 4 7 7 11 6 9 12 5 6 9 9 5 6 7 11 7 7 6 10 7 9 8 11 10 12 8 8 8 5 8 7 9 5 6 8 7 8 9 9 8 8 5 10 5 2 5 3 8 9
9 8 10 6 9 6 7 3 6 8 4 10 8 4 12 7 7 9 9 6 6 7 7 7 9 6 5 10 8 4 7 5 4 7 7 8 9 5 8 4 x 9 10 7 4 7 8 10 9 7 6 4 7 7 11 8 7 10 6 10 8 9 9 9 7 8 7 7 6 8 7 9 8 10 12 12 10 8 8 5 10 7 9 8 6 8 7 8 10 5 8 8 5 7 7 2 5 5 8 9
7 3 9 10 2 10 9 9 8 7 6 8 8 10 8 6 10 7 11 6 4 7 4 9 1 8 7 8 10 8 3 5 9 5 5 7 7 7 11 8 9 x 11 8 8 9 10 4 12 9 8 6 6 9 9 8 10 11 8 3 8 7 12 5 9 10 8 9 8 8 7 9 7 11 14 10 6 7 8 7 7 9 8 4 3 6 9 8 7 11 6 8 7 12 6 7 7 5 9 9
8 10 10 11 9 8 6 8 8 8 6 12 7 7 10 6 7 11 12 8 8 9 7 4 11 6 8 9 11 10 9 9 10 9 8 7 9 7 8 10 10 11 x 7 7 9 12 11 11 5 8 8 10 8 11 8 9 12 5 10 6 9 11 10 9 5 10 10 4 9 10 9 11 13 14 14 10 7 8 7 13 9 8 9 12 10 9 8 11 8 10 10 7 10 7 8 7 9 4 10
10 7 10 9 6 8 7 7 6 9 4 10 6 8 9 7 6 9 11 7 6 7 8 3 8 8 7 11 10 7 7 8 7 8 6 9 8 5 9 3 7 8 7 x 6 8 11 4 11 10 7 7 9 7 12 9 9 12 2 5 10 10 8 3 8 10 8 9 6 10 9 9 9 11 12 12 11 7 8 5 7 7 8 7 9 8 8 8 6 9 8 8 6 10 7 5 5 6 10 7
5 7 12 8 8 4 7 1 5 4 6 12 6 2 11 8 5 9 5 7 8 8 10 3 9 8 1 6 8 8 9 8 8 8 11 6 7 6 7 8 4 8 7 6 x 6 6 9 7 4 5 8 9 7 10 6 5 8 4 8 5 8 10 9 6 4 9 7 8 4 8 8 7 10 14 11 12 7 8 6 13 9 6 11 5 9 6 7 8 3 7 8 6 5 10 6 7 9 8 6
6 6 11 4 7 8 6 5 6 3 7 12 7 6 11 6 8 5 7 8 8 7 9 5 9 7 6 7 6 7 7 8 6 4 8 6 7 7 11 7 7 9 9 8 6 x 6 8 10 5 1 8 5 6 8 9 7 10 6 7 6 6 12 9 2 9 6 5 7 5 6 8 9 6 12 9 11 7 7 7 10 8 7 7 7 5 5 7 11 7 7 4 2 9 9 5 8 9 7 5
4 9 11 2 10 8 7 7 8 7 8 10 8 7 14 8 9 9 1 9 8 8 9 9 9 8 5 3 4 8 7 8 4 7 10 5 8 7 10 8 8 10 12 11 6 6 x 11 11 7 7 10 8 10 10 10 8 10 10 11 6 8 12 11 6 8 7 3 9 4 7 7 8 9 10 10 12 7 10 9 11 11 6 10 9 8 9 6 13 6 6 8 8 11 11 6 9 11 10 5
7 3 8 10 2 6 5 9 6 5 6 11 4 8 8 6 10 8 12 9 7 5 4 7 4 6 8 8 10 7 6 8 9 5 4 6 5 7 7 7 10 4 11 4 9 8 11 x 9 8 7 8 6 8 9 8 7 10 6 1 7 7 10 1 8 10 6 9 7 8 7 8 7 9 10 10 10 5 8 5 5 9 6 5 5 6 7 7 5 9 6 8 7 12 5 8 7 7 8 7
9 12 10 9 11 3 6 6 9 11 9 14 5 5 14 8 9 5 12 12 10 9 11 10 11 7 8 10 10 11 9 11 11 10 9 8 7 9 14 11 9 12 11 11 7 10 11 9 x 6 9 9 11 10 9 5 4 7 11 10 7 10 14 8 8 11 8 9 8 10 12 10 11 12 16 10 11 7 10 10 12 11 8 10 12 9 9 9 14 6 11 6 10 10 9 11 10 8 9 11
3 6 10 6 7 3 6 4 8 6 7 10 5 3 11 6 6 8 7 6 7 10 9 7 9 7 5 4 6 10 8 5 8 4 8 2 6 8 9 10 7 9 5 10 4 5 7 8 6 x 4 9 5 9 6 5 4 7 8 8 1 4 12 8 5 8 9 5 8 4 6 4 10 9 13 9 11 5 7 8 12 8 4 7 7 5 8 3 10 4 5 7 5 8 9 8 6 8 9 7
5 5 10 5 6 7 7 4 5 2 6 11 8 5 10 7 7 4 8 7 8 6 8 4 8 8 5 6 7 6 8 7 6 3 7 5 6 6 10 6 6 8 8 7 5 1 7 7 9 4 x 7 4 5 7 8 6 9 5 6 5 5 11 8 1 8 5 6 6 4 5 7 8 5 12 8 12 7 6 6 9 7 6 6 6 4 4 6 10 6 6 3 1 8 8 4 7 8 6 4
9 8 6 8 7 6 3 7 7 5 6 12 4 8 9 7 8 8 11 10 8 4 5 9 5 2 8 10 8 7 7 9 8 8 4 10 6 7 12 4 4 6 8 7 8 8 10 8 9 9 7 x 7 4 8 4 7 10 8 8 10 9 9 7 8 11 5 7 5 10 10 11 6 10 14 13 6 8 9 6 6 9 8 5 9 7 3 10 11 9 10 7 8 11 3 6 7 1 4 7
4 3 6 7 4 8 7 8 7 6 6 9 6 8 6 4 5 7 9 7 6 9 6 6 6 8 8 5 7 6 7 6 8 1 3 3 4 7 10 7 7 6 10 9 9 5 8 6 11 5 4 7 x 9 5 9 8 7 7 5 4 3 12 6 5 11 9 6 8 5 3 5 9 9 8 6 12 5 2 7 7 3 5 2 4 2 8 4 9 8 4 7 3 9 4 6 6 6 7 8
9 9 10 8 8 7 6 8 5 3 3 9 7 9 12 6 9 8 10 7 5 6 8 6 8 6 6 8 8 7 6 8 7 8 8 8 9 4 11 7 7 9 8 7 7 6 10 8 10 9 5 4 9 x 11 5 8 11 5 7 9 9 9 8 6 9 7 7 5 9 8 8 8 9 11 11 10 7 7 4 10 6 8 9 9 7 1 7 11 10 7 7 6 9 7 5 4 5 4 5
7 6 11 10 7 6 5 9 9 9 8 5 6 8 11 6 9 11 11 10 9 9 9 9 9 6 9 8 10 11 9 9 9 4 8 6 6 9 13 11 11 9 11 12 10 8 10 9 9 6 7 8 5 11 x 8 5 2 10 8 7 2 13 9 8 12 10 9 7 6 6 8 11 12 13 9 10 5 7 9 12 8 4 7 7 4 11 7 12 9 7 10 6 12 9 9 8 9 8 11
8 10 8 8 9 2 5 5 8 6 8 13 4 4 11 7 4 10 9 10 10 6 7 7 7 6 5 9 9 9 9 10 10 9 6 7 6 7 11 6 8 8 8 9 6 9 10 8 5 5 8 4 9 5 8 x 3 6 8 9 6 9 11 7 8 8 7 8 7 8 7 9 8 12 13 9 10 6 7 8 8 8 7 7 9 8 4 8 13 5 8 9 9 9 5 8 9 3 8 8
7 9 10 6 8 1 4 4 8 8 7 10 3 3 11 4 7 8 9 10 9 9 9 8 10 5 6 8 6 10 10 9 8 8 8 6 5 8 12 9 7 10 9 9 5 7 8 7 4 4 6 7 8 8 5 3 x 3 9 8 5 6 12 6 5 9 9 5 6 6 10 6 10 9 12 8 9 3 6 8 10 7 4 9 10 7 7 5 12 4 9 7 7 8 7 9 6 6 7 7
6 8 13 9 9 4 7 7 11 11 10 7 6 6 13 7 9 11 11 9 10 11 11 11 11 8 9 7 9 13 11 8 11 6 10 5 8 11 12 12 10 11 12 12 8 10 10 10 7 7 9 10 7 11 2 6 3 x 12 10 6 4 15 9 8 12 12 8 9 7 8 7 13 12 15 11 12 6 9 11 13 10 6 9 9 6 10 6 13 7 8 10 8 11 10 11 9 9 10 10
8 8 12 8 8 8 5 5 4 7 2 8 6 6 11 5 4 7 9 5 4 5 7 1 7 6 5 9 10 6 5 6 6 6 8 7 8 3 10 5 6 8 5 2 4 6 10 6 11 8 5 8 7 5 10 8 9 12 x 7 8 8 8 5 6 8 6 9 4 8 7 7 7 10 10 10 9 6 6 3 9 5 7 9 8 6 6 6 8 7 6 6 4 8 9 4 3 8 8 9
7 2 8 9 1 7 6 9 7 4 7 10 5 9 7 5 9 8 11 8 6 4 3 8 3 7 7 8 9 8 5 7 8 4 5 6 4 6 8 6 10 3 10 5 8 7 11 1 10 8 6 8 5 7 8 9 8 10 7 x 7 6 11 2 7 10 5 8 8 8 6 8 6 10 11 9 9 6 7 6 6 8 6 6 4 5 6 7 4 8 7 7 6 11 5 8 7 7 8 6
2 5 9 5 6 4 7 5 8 7 6 9 6 4 10 5 5 9 6 5 6 9 8 8 8 8 6 3 5 9 7 4 7 3 7 1 5 7 8 9 8 8 6 10 5 6 6 7 7 1 5 10 4 9 7 6 5 6 8 7 x 5 11 8 6 9 10 4 8 3 5 3 11 10 12 8 12 4 6 7 11 7 3 6 6 4 9 2 9 5 4 8 5 7 8 7 5 9 8 6
5 4 9 8 5 7 7 8 7 7 6 7 6 7 9 4 7 9 9 8 7 7 7 7 7 8 7 6 8 9 8 7 9 2 6 4 4 7 11 9 9 7 9 10 8 6 8 7 10 4 5 9 3 9 2 9 6 4 8 6 5 x 11 7 6 10 8 7 8 4 4 6 9 10 11 7 12 3 5 7 10 6 2 5 5 2 9 5 10 8 5 8 4 10 7 7 6 8 7 9
9 13 13 11 12 11 9 10 6 12 6 12 9 11 14 9 12 9 11 8 8 9 11 9 11 10 9 10 12 9 9 9 9 11 9 10 8 5 3 5 9 12 11 8 10 12 12 10 14 12 11 9 12 9 13 11 12 15 8 11 11 11 x 9 10 6 10 11 8 10 11 11 11 14 5 14 11 10 10 7 13 9 9 10 11 10 10 10 14 12 10 8 10 10 10 7 7 8 12 13
7 4 7 9 3 5 4 8 5 6 5 10 3 7 8 5 9 7 12 9 7 6 5 6 5 5 9 8 9 6 7 9 9 6 3 7 5 6 6 6 9 5 10 3 9 9 11 1 8 8 8 7 6 8 9 7 6 9 5 2 8 7 9 x 9 9 7 8 6 7 6 9 8 8 11 9 9 4 7 4 4 8 5 4 6 7 8 8 6 8 5 8 8 11 4 7 6 6 7 8
4 6 11 6 7 6 8 5 5 3 6 11 8 6 11 7 8 3 7 6 8 5 9 5 9 9 6 5 7 7 7 7 7 4 7 5 7 5 10 7 7 9 9 8 6 2 6 8 8 5 1 8 5 6 8 8 5 8 6 7 6 6 10 9 x 9 4 6 7 3 6 7 7 4 13 9 11 6 7 6 8 8 5 7 7 5 5 6 10 7 6 2 2 9 8 5 7 8 7 5
7 9 14 10 10 8 11 5 9 6 10 14 10 6 15 10 9 12 7 11 11 12 12 7 11 11 3 8 10 11 12 11 11 10 12 8 10 10 3 11 8 10 5 10 4 9 8 10 11 8 8 11 11 9 12 8 9 12 8 10 9 10 6 9 9 x 13 9 9 6 10 10 11 13 11 13 15 9 10 10 13 9 8 13 7 11 8 9 12 7 9 11 9 9 12 9 11 11 9 8
8 7 9 5 6 9 7 8 4 7 4 8 8 9 9 7 10 3 8 8 6 1 8 7 8 7 10 9 7 3 7 8 3 8 6 9 9 5 11 7 7 8 10 8 9 6 7 6 8 9 5 5 9 7 10 7 9 12 6 5 10 8 10 7 4 13 x 6 6 7 9 9 3 8 12 12 11 8 8 3 9 7 9 7 9 8 8 8 6 10 8 2 6 10 6 5 5 4 9 8
2 7 8 1 8 6 4 8 9 4 7 9 5 7 12 7 7 9 4 7 6 7 9 9 9 5 6 3 1 7 7 6 3 5 9 3 7 8 8 7 7 9 10 9 7 5 3 9 9 5 6 7 6 7 9 8 5 8 9 8 4 7 11 8 6 9 6 x 6 3 5 5 7 8 9 8 9 6 8 8 11 9 5 8 8 6 6 4 11 8 4 8 7 9 9 5 7 8 7 2
8 9 10 7 9 5 2 8 4 4 2 8 3 7 11 5 8 7 9 6 4 5 7 5 7 3 7 9 7 6 5 7 6 7 8 7 5 3 10 6 6 8 4 6 8 7 9 7 8 8 6 5 8 5 7 7 6 9 4 8 8 8 8 6 7 9 6 6 x 9 7 7 7 11 10 10 7 6 6 3 9 5 7 9 8 6 6 6 12 8 6 6 7 8 7 4 3 6 5 6
1 6 10 4 7 7 7 5 8 6 7 8 6 6 11 4 6 6 5 6 5 8 8 7 8 8 3 2 4 10 6 5 6 4 8 2 4 8 7 10 8 8 9 10 4 5 4 8 10 4 4 10 5 9 6 8 6 7 8 8 3 4 10 7 3 6 7 3 9 x 4 4 10 7 12 7 12 3 6 8 10 7 2 7 7 5 8 3 10 7 3 5 5 8 9 8 6 11 7 5
3 4 9 6 5 9 8 7 7 7 5 6 7 8 9 7 3 8 8 8 3 8 6 6 6 9 7 4 6 7 4 7 7 2 6 4 5 6 9 7 7 7 10 9 8 6 7 7 12 6 5 10 3 8 6 7 10 8 7 6 5 4 11 6 6 10 9 5 7 4 x 6 10 10 11 5 12 7 5 6 8 6 6 5 5 3 9 5 10 9 1 8 4 10 7 5 6 9 10 7
3 6 10 6 7 7 8 8 7 9 5 10 8 7 11 6 6 10 8 6 7 8 9 8 9 9 7 4 6 9 8 5 8 4 8 2 6 6 9 9 9 9 9 9 8 8 7 8 10 4 7 11 5 8 8 9 6 7 7 8 3 6 11 9 7 10 9 5 7 4 6 x 10 11 11 9 12 5 7 6 12 6 4 7 7 5 9 1 10 8 5 9 6 6 9 7 4 11 9 7
9 6 10 6 5 9 8 6 5 10 5 11 9 7 12 8 10 6 9 9 7 2 7 8 8 8 8 10 8 6 8 9 4 8 8 10 10 6 12 8 8 7 11 9 7 9 8 7 11 10 8 6 9 8 11 8 10 13 7 6 11 9 11 8 7 11 3 7 7 10 10 10 x 11 13 13 12 9 9 4 10 8 10 9 8 9 9 9 9 8 9 5 9 10 7 6 6 5 10 9
8 10 14 7 11 10 12 9 9 7 10 13 11 10 13 11 12 7 10 10 9 9 10 9 10 12 10 9 9 11 8 11 9 8 10 9 11 9 14 11 10 11 13 11 10 6 9 9 12 9 5 10 9 9 12 12 9 12 10 10 10 10 14 8 4 13 8 8 11 7 10 11 11 x 15 7 15 10 11 10 4 12 9 9 11 9 9 10 13 11 10 6 6 13 11 9 11 9 11 9
11 11 14 8 12 13 11 13 10 13 8 14 12 14 11 8 9 12 11 12 10 11 13 11 13 12 14 12 10 12 11 13 10 9 11 11 10 9 8 10 12 14 14 12 14 12 10 10 16 13 12 14 8 11 13 13 12 15 10 11 12 11 5 11 13 11 12 9 10 12 11 11 13 15 x 14 15 9 6 9 15 5 10 10 12 10 12 10 12 13 12 11 11 14 12 10 9 13 11 11
6 7 12 9 8 7 10 10 10 10 8 9 9 9 12 10 8 11 11 11 6 11 9 10 9 11 10 7 9 12 7 10 11 5 9 7 8 9 12 12 12 10 14 12 11 9 10 10 10 9 8 13 6 11 9 9 8 11 10 9 8 7 14 9 9 13 12 8 10 7 5 9 13 7 14 x 15 10 8 9 11 9 9 8 8 6 12 8 13 10 4 11 7 13 10 10 9 12 13 10
11 9 12 10 8 8 5 11 7 10 7 13 6 10 14 9 13 10 12 9 9 10 10 10 7 4 13 12 10 11 9 10 11 11 10 12 8 6 14 8 10 6 10 11 12 11 12 10 11 11 12 6 12 10 10 10 9 12 9 9 12 12 11 9 11 15 11 9 7 12 12 12 12 15 15 15 x 10 11 8 12 10 10 10 9 10 9 11 13 11 11 9 12 11 9 9 8 7 6 11
4 6 10 7 5 4 6 7 6 8 4 10 5 6 8 1 6 9 8 7 6 7 7 7 8 6 6 5 7 8 7 6 8 5 7 3 3 5 10 8 8 7 7 7 7 7 7 5 7 5 7 8 5 7 5 6 3 6 6 6 4 3 10 4 6 9 8 6 6 3 7 5 9 10 9 10 10 x 3 5 8 4 1 7 8 5 8 4 10 7 6 8 7 9 7 6 3 9 4 8
6 5 8 9 6 7 7 7 5 8 4 10 8 8 5 2 3 9 11 8 6 7 8 6 8 7 9 7 9 8 7 8 8 3 5 5 6 5 12 8 8 8 8 8 8 7 10 8 10 7 6 9 2 7 7 7 6 9 6 7 6 5 10 7 7 10 8 8 6 6 5 7 9 11 6 8 11 3 x 5 9 1 4 4 6 4 8 6 8 7 6 8 5 10 6 6 4 8 5 10
7 8 10 7 7 7 4 5 1 7 1 7 5 6 10 4 7 5 8 5 3 2 6 4 6 5 7 8 9 5 4 6 5 6 7 6 7 2 9 5 5 7 7 5 6 7 9 5 10 8 6 6 7 4 9 8 8 11 3 6 7 7 7 4 6 10 3 8 3 8 6 6 4 10 9 9 8 5 5 x 8 4 6 8 7 5 5 5 9 7 5 4 6 7 7 3 2 5 7 9
9 8 10 11 7 9 8 12 9 10 7 9 7 11 9 9 11 8 12 11 5 8 6 10 6 8 13 10 12 9 4 10 11 8 6 10 9 8 10 8 10 7 13 7 13 10 11 5 12 12 9 6 7 10 12 8 10 13 9 6 11 10 13 4 8 13 9 11 9 10 8 12 10 4 15 11 12 8 9 8 x 10 9 5 10 9 9 11 9 12 7 9 10 13 7 9 8 5 10 12
7 6 9 9 7 8 6 8 5 9 3 9 7 9 6 3 4 8 10 7 5 6 8 6 8 7 10 8 10 7 6 8 7 4 6 6 7 4 11 7 7 9 9 7 9 8 11 9 11 8 7 9 3 6 8 8 7 10 5 8 7 6 9 8 8 9 7 9 5 7 6 6 8 12 5 9 10 4 1 4 10 x 5 5 7 5 7 5 9 8 7 7 6 9 7 5 4 9 6 11
3 6 10 6 6 5 5 7 7 8 5 9 4 7 9 2 6 8 7 6 7 8 8 8 9 6 5 4 6 9 8 5 8 4 8 2 2 6 9 9 9 8 8 8 6 7 6 6 8 4 6 8 5 8 4 7 4 6 7 6 3 2 9 5 5 8 9 5 7 2 6 4 10 9 10 9 10 1 4 6 9 5 x 7 7 4 9 3 10 6 5 7 6 8 8 7 4 9 5 7
6 5 5 9 6 8 7 10 9 8 8 11 6 10 4 6 7 5 10 8 7 7 4 8 5 7 10 7 9 4 6 8 8 3 1 5 6 9 10 5 8 4 9 7 11 7 10 5 10 7 6 5 2 9 7 7 9 9 9 6 6 5 10 4 7 13 7 8 9 7 5 7 9 9 10 8 10 7 4 8 5 5 7 x 6 4 8 6 7 10 6 6 5 11 2 6 8 4 5 10
6 2 10 8 3 9 9 6 8 7 6 11 8 7 10 7 8 10 8 8 7 8 5 8 4 10 4 7 9 6 6 7 6 3 7 5 6 7 10 6 6 3 12 9 5 7 9 5 12 7 6 9 4 9 7 9 10 9 8 4 6 5 11 6 7 7 9 8 8 7 5 7 8 11 12 8 9 8 6 7 10 7 7 6 x 4 9 6 8 8 6 9 5 10 7 4 7 8 10 9
4 3 8 7 4 6 5 8 6 6 4 9 4 7 8 6 6 8 9 7 6 7 6 6 6 6 8 5 7 8 7 6 8 1 5 3 2 5 10 8 8 6 10 8 9 5 8 6 9 5 4 7 2 7 4 8 7 6 6 5 4 2 10 7 5 11 8 6 6 5 3 5 9 9 10 6 10 5 4 5 9 5 4 4 4 x 8 4 9 6 4 7 3 9 6 6 5 6 8 8
8 8 9 7 7 6 6 7 6 2 4 10 7 8 12 7 8 8 9 8 6 7 8 7 8 5 5 7 7 8 7 9 8 7 7 9 9 5 11 7 7 9 9 8 6 5 9 7 9 8 4 3 8 1 11 4 7 10 6 6 9 9 10 8 5 8 8 6 6 8 9 9 9 9 12 12 9 8 8 5 9 7 9 8 9 8 x 8 10 9 8 7 5 10 6 6 5 4 5 4
2 5 9 5 6 6 7 7 6 8 4 9 7 6 10 5 5 9 7 5 6 7 8 7 8 8 6 3 5 8 7 4 7 3 7 1 5 5 8 8 8 8 8 8 7 7 6 7 9 3 6 10 4 7 7 8 5 6 6 7 2 5 10 8 6 9 8 4 6 3 5 1 9 10 10 8 11 4 6 5 11 5 3 6 6 4 8 x 9 7 4 8 5 5 8 6 3 10 8 6
9 6 12 11 5 11 10 9 10 8 10 14 9 10 3 9 11 9 13 6 10 7 7 9 7 9 9 10 12 9 9 5 9 8 8 8 8 9 11 9 10 7 11 6 8 11 13 5 14 10 10 11 9 11 12 13 12 13 8 4 9 10 14 6 10 12 6 11 12 10 10 10 9 13 12 13 13 10 8 9 9 9 10 7 8 9 10 9 x 11 11 8 10 13 9 8 11 10 7 10
7 9 12 7 9 3 6 2 6 7 8 14 5 1 12 8 6 10 7 10 10 9 11 6 11 7 4 8 9 8 11 9 9 7 10 6 4 7 10 9 5 11 8 9 3 7 6 9 6 4 6 9 8 10 9 5 4 7 7 8 5 8 12 8 7 7 10 8 8 7 9 8 8 11 13 10 11 7 7 7 12 8 6 10 8 6 9 7 11 x 9 9 7 6 9 7 7 8 9 9
2 5 10 5 6 8 7 8 6 8 4 5 8 8 10 7 4 7 7 7 2 7 5 7 5 8 6 3 5 8 3 6 7 3 7 3 6 5 8 8 8 6 10 8 7 7 6 6 11 5 6 10 4 7 7 8 9 8 6 7 4 5 10 5 6 9 8 4 6 3 1 5 9 10 12 4 11 6 6 5 7 7 5 6 6 4 8 4 11 9 x 8 5 9 7 6 5 9 10 6
6 8 9 7 8 8 7 7 3 5 4 10 8 8 10 7 10 1 9 6 6 3 7 7 7 8 8 7 9 5 5 7 5 6 5 7 9 3 11 8 8 8 10 8 8 4 8 8 6 7 3 7 7 7 10 9 7 10 6 7 8 8 8 8 2 11 2 8 6 5 8 9 5 6 11 11 9 8 8 4 9 7 7 6 9 7 7 8 8 9 8 x 4 8 6 6 5 6 8 7
5 4 9 6 5 8 8 5 6 3 5 10 7 6 9 7 6 5 9 7 7 7 7 3 7 9 6 6 8 5 8 6 5 2 6 4 5 6 9 5 5 7 7 6 6 2 8 7 10 5 1 8 3 6 6 9 7 8 4 6 5 4 10 8 2 9 6 7 7 5 4 6 9 6 11 7 12 7 5 6 10 6 6 5 5 3 5 5 10 7 5 4 x 9 7 3 6 8 7 5
7 10 14 10 11 7 9 4 6 9 6 12 9 5 15 9 8 9 10 8 8 9 11 8 11 10 6 8 10 10 9 9 10 8 12 6 10 5 11 10 7 12 10 10 5 9 11 12 10 8 8 11 9 9 12 9 8 11 8 11 7 10 10 11 9 9 10 9 8 8 10 6 10 13 14 13 11 9 10 7 13 9 8 11 10 9 10 5 13 6 9 8 9 x 13 8 7 12 12 11
8 5 3 10 4 6 5 9 8 7 7 9 4 8 6 6 5 5 10 10 5 5 2 8 6 5 10 9 10 4 4 9 8 5 1 7 6 8 10 5 7 6 7 7 10 9 11 5 9 9 8 3 4 7 9 5 7 10 9 5 8 7 10 4 8 12 6 9 7 9 7 9 7 11 12 10 9 7 6 7 7 7 8 2 7 6 6 8 9 9 7 6 7 13 x 6 8 2 3 9
7 6 9 4 7 8 5 5 4 6 2 8 6 6 10 5 8 7 7 4 4 5 5 5 7 6 7 8 6 2 5 3 2 5 5 6 8 3 6 2 2 7 8 5 6 5 6 8 11 8 4 6 6 5 9 8 9 11 4 8 7 7 7 7 5 9 5 5 4 8 5 7 6 9 10 10 9 6 6 3 9 5 7 6 4 6 6 6 8 7 6 6 3 8 6 x 3 5 8 7
5 7 11 7 6 7 4 7 3 7 1 7 5 6 9 2 7 6 8 5 3 4 6 4 6 5 8 6 7 5 4 6 5 6 8 4 6 2 9 5 5 7 7 5 7 8 9 7 10 6 7 7 6 4 8 9 6 9 3 7 5 6 7 6 7 11 5 7 3 6 6 4 6 11 9 9 8 3 4 2 8 4 4 8 7 5 5 3 11 7 5 5 6 7 8 3 x 7 5 9
10 7 5 9 6 5 4 8 6 6 6 11 5 7 8 8 7 7 12 9 7 3 4 9 4 3 8 11 9 6 6 8 7 7 3 9 7 7 11 3 5 5 9 6 9 9 11 7 8 8 8 1 6 5 9 3 6 9 8 7 9 8 8 6 8 11 4 8 6 11 9 11 5 9 13 12 7 9 8 5 5 9 9 4 8 6 4 10 10 8 9 6 8 12 2 5 7 x 5 8
8 8 6 8 7 6 3 9 8 4 6 12 4 8 9 3 8 8 11 10 8 8 5 8 9 2 7 9 8 7 7 10 10 8 4 7 6 7 12 8 8 9 4 10 8 7 10 8 9 9 6 4 7 4 8 8 7 10 8 8 8 7 12 7 7 9 9 7 5 7 10 9 10 11 11 13 6 4 5 7 10 6 5 5 10 8 5 8 7 9 10 8 7 12 3 8 5 5 x 6
4 8 10 3 7 8 6 7 9 2 8 9 7 8 13 9 9 8 6 9 8 9 9 8 9 7 5 5 3 9 9 8 5 7 10 5 9 9 10 9 9 9 10 7 6 5 5 7 11 7 4 7 8 5 11 8 7 10 9 6 6 9 13 8 5 8 8 2 6 5 7 7 9 9 11 10 11 8 10 9 12 11 7 10 9 8 4 6 10 9 6 7 5 11 9 7 9 8 6 x