98
4
_u_k_d_k_h_z_x_c_a_n_r_t_s_c_b_j_g_l _w_j_b_a_f_y_l_k_l_x_f_k_r_n_d_h_n_a_u_z _s_k_h_h_l_a_d_z_v_e_m_d_q_e_v _q_h_k_i_w_r_u_v_y_k_l_h_h_m_n_l_x_v_r _q _l_z_d_l_w_v_f_k_x_q_v_t_d_f_c_z _d_u_r_b_u_m_b_k_t_q_m_n_x_j_x_y_x _n_w_u_w_w _e_z_b_v_u_a_l_c_b_t_i_b_m_e_r_u_j_z _n_y_r_v_d_e_q_i_s_s_o_u_f _o _j _m_m_w_l_l_y_o_u _c_k_a_b_f_n_a_r_s_o _h_q_c_p_j_w_l_q_r_j _c_h _t_b_q_b_q_z_k_l_k_z_o_i _d_a_p_n_d _t_v_k_c_y_z_n_v_q_r_q_e_e_k_x _t_b_s_l _h_e_q_p _s_h_u_g_m _l_t_o_c_i_j_f_x_y_a_h_u_z_m_w_a_e_c _r_b_m_y_t_a_m_p_n_f_n_q_b_t_a_w_d_k_z _h_f_a_p_a_t_n_e_d_x_r _g_z_x_e_m_e_k_i_l_w_r_b_m_g_h_m_z_e_u _v_c _g_m_k_z_a _n_o_y_f_k_h_q_d_v_c_m_i_n_c_n_t_q _r_k_u_j_g_i_s_b_w_m_k_n_s_j_c_z_z_s_z _p_m_u_m_y_p_b_g_s _e_b_t_a_r_d_m_v_u_q_v_e_h_q_y _w_g_b_h_j_u_x_c_t_j_b_p_h_j_d_c_y_i _d_l_n_r_u_r_n_d_b_z _j_v _z_e_p_x_d_n_y_y_d_z_g_s _s_s_y_k_w_g_r_g _f_b_w_e_m_n_v_u_o_p_a_p_v_p_n _p_x_l_e_q_t_o_r_y_p _a _p_x_t_n_g_f_b_m_x_a _a_z_t_q_q_l_f_l _y _d_v_r_r_f_i_o_w _x _y_u_n_p_o_o_y_c_k_b_y_z_b_u _h_q_b_i_i_v_a_w_s_y_y_q_w_t _o_s_z_e_t_y_a_p_j_s_j_z_g_m_e_d_n_s_y _v_k_j_q_a_q_s_x_t_k_k_f_e_p_g_j _t_h_c_n_o_f_j_h_l_z_b_m _j_j_m_t_d_s_e_v_g_x_d_m_s_r_h_i _i_w_f_h_b_e_d_b_i_x_t _b_i_s _p_v_h _k_k_p_u_r_e_t_w_q_f_m_o_d_o_n _z_n_d_a_u_v_w_g_m_t_j_j_s_r_n_c_f_g_k_i _b_h_c_j_m_a_q_g_e_l _y_z_w_v_k_f_a_q_l_u_z_g_z _c_f_q_k_q_g_a_v_h_o_c _h_g_q_f_m_h_j_d_i_l_e_u_z_a_i_x_z_s _t_d_m_z_e _r_k_k _x_a_f_s_u_t_j_o_y_b_v_d_i_x_j _h_z_t_i_e_a_n_o_p_p_r_u_n_o_e_w_d_f _v_v_n_j_h _q_i_h_c _k_h_a_u_n_r_e_k_z_n_h_o _l _v_s_c_j_v_c_y_m_c_j_u_n_c_m_b_q_c_g_i _c_r_b_e_v_p_d_i_y_t_g_d_k_n_e_v_q_x_f_i _x_o_v_e_b_m_r_u_t_z_n_x_d_j_h_o_d_o_y_r _a_b_j_n_m _g_l_h_r_f_d_z_i _e_i_h_x_y_p_a_n_q_j_r_m_t_s_r_m_q_a_k_j _b_y_j_v_q _u_u_j_n_s_m_e_j_t_k_r_p_s_k_k_p _d_s_t_e _w_r_t_j_s_g_i_c_c_h_k_d_c _r_s_y_g_l_u_u_u_d_c_i_g_r_l_o _r_x_x_l_d_q _s_v_q_a_s_o_y_r_y_s_a_g_m_g_v_q_s_y_g_l _c_v_c_h_d_t_k_d_q_z_f_s_o_q_r_v_h_a_u _b_b_s_a_v_r_o_b_v_n_w _x_d_s_n_c_u_k_m_l_w_k_w_u_f_w_y_k_d _w_y_t_h_t_f_b_u_n_p_z _q_l_z_v_z_s_s_v_u_r_w_r_e_b_g_x_p _d_d_d_j_l_a_e_v_e_z_e_r_t_n_j _o_d_y_u_i_s_o_s_f_e_f_y_m_y_r_s_l_e_f _m_v_o_n_o_u_z_f_b_p_t_q_y_v_a_s_s_i_t _g_i_j_z_k_g_h_b_x_c_n_g_z_x_z_q_g _e_m_o_m_a _b_r_f_p_m_h_e _a_h_s_o_a_r_y_p_z_v_e_n_m _o_p_g_o_n_m_k_n_r_q_y_v_k_g_c_x_k_a_f _s_x_v_a_v _m_d_m_f_g_j_i_f_i_i_k_d_i_l_f_b _m_t_t_l_o_b_m_r _l_p_a_x_g_f_l_p_s_w_d
_d_u_r_b_u_m_b_k_t_q_m_n_x_j_x_y_x _p_x_l_e_q_t_o_r_y_p _y_z_w_v_k_f_a_q_l_u_z_g_z _t_b_s_l
_b_y_j_v_q
x x 15 14 13 12 16 17 18 18 x 18 19 16 15 14 17 12 16 10 14 x 19 15 19 15 12 12 x 10 14 11 19 19 16 15 18 x 14 12 17 14 17 11 12 16 17 13 18 x 17 18 11 17 19 x 17 13 11 11 x 17 x x 12 10 10 16 13 12 12 17 16 15 13 14 19 19 18 13 11 13 13 11 10 18 15 19 10 11 13 16 x x x 12 17 18
x x 18 11 19 19 14 14 11 13 11 x x 12 14 14 x 18 19 12 17 12 17 11 10 18 19 19 16 11 18 16 x 13 15 10 10 15 10 18 13 15 17 x 10 17 x 12 x x 18 11 16 11 13 19 17 x 18 19 16 x 18 16 15 10 x 19 x 16 17 15 18 18 13 10 15 17 19 16 x x 13 17 10 18 19 10 19 14 15 15 19 15 13 10 x x
15 18 x 11 14 x 15 10 14 11 11 x 16 18 10 19 14 18 17 19 18 13 18 x x 15 15 14 11 19 12 11 x 13 10 16 12 17 10 15 17 10 x 13 11 19 17 19 13 19 x 10 15 19 11 18 10 17 13 10 13 17 x 18 15 12 11 x 10 14 x 11 x 17 13 11 x 15 18 14 11 18 x 13 10 13 17 19 15 19 13 x 13 17 15 14 13 17
14 11 11 x 18 11 17 17 15 12 13 x 17 x 18 x 14 17 18 11 15 14 11 15 16 18 11 x x 18 16 18 15 10 11 18 19 14 15 17 15 14 x 16 10 19 16 11 15 19 13 14 x 10 17 18 x 14 x 16 15 15 12 11 12 13 10 13 19 x 16 19 11 19 13 17 x x 13 19 15 19 12 19 13 14 17 14 11 16 18 11 x x 17 13 x 12
13 19 14 18 x 10 x 16 10 19 19 15 18 x 13 10 17 19 11 x 12 12 x 13 16 14 12 12 17 18 x 17 10 13 16 13 19 19 15 17 19 11 14 17 11 16 x 18 10 x x 17 14 15 15 18 11 16 19 17 13 10 16 12 15 18 11 18 18 13 11 18 19 13 18 16 15 12 19 12 x x 19 15 x 16 15 13 17 19 17 11 15 15 13 10 x 15
12 19 x 11 10 x 19 13 14 17 13 x 11 18 11 18 x 18 14 10 14 15 14 13 17 15 x 17 11 19 16 x x 16 14 10 12 x 19 12 11 17 10 x x 12 18 11 12 18 11 17 14 12 14 18 17 14 x 18 x 14 10 12 16 16 14 10 18 x 10 13 11 19 12 17 15 19 13 11 11 10 14 11 14 16 14 12 10 14 14 19 12 16 15 10 16 x
16 14 15 17 x 19 x 11 11 13 18 15 19 x 15 10 x 14 18 18 10 15 15 x x 10 19 12 13 x 19 16 14 13 17 15 10 18 10 12 10 16 x 11 x x 11 15 x 18 12 10 15 16 12 13 13 17 x 18 x 11 15 14 x x 17 18 12 12 19 10 10 15 16 16 16 12 17 16 x 11 16 x 11 11 13 16 12 13 15 14 11 12 15 12 12 11
17 14 10 17 16 13 11 x 12 17 11 14 x x 11 12 19 19 15 13 14 17 x 19 19 18 14 12 15 11 19 15 15 17 16 15 13 x 19 17 13 18 19 10 11 16 15 x 13 14 18 17 18 15 12 13 12 14 15 x 14 18 13 11 x 11 12 11 14 10 18 x 18 18 18 14 10 16 x 10 15 11 x 12 13 15 12 13 19 19 18 18 11 15 10 18 18 x
18 11 14 15 10 14 11 12 x 15 18 14 11 13 19 x 17 18 14 13 14 x 16 19 19 17 19 19 19 19 10 11 x 18 19 11 17 15 12 11 14 11 19 18 17 15 x 15 16 10 17 x x 11 x 15 19 18 11 x 10 15 x 13 16 12 15 12 12 17 17 11 12 16 11 11 x 18 x 15 15 x x 13 10 x 17 16 12 10 10 18 13 16 13 14 12 17
18 13 11 12 19 17 13 17 15 x 18 17 12 16 10 15 17 x 14 10 15 15 18 12 12 10 15 x 10 15 x 11 x 10 17 11 16 13 10 12 15 13 18 12 15 11 11 18 11 13 18 17 11 13 x 14 19 12 16 x 10 16 x 17 10 10 x 14 x x 18 11 14 13 17 15 17 19 x 15 x 18 x 14 17 10 12 14 15 15 x 16 19 18 x 15 18 11
x 11 11 13 19 13 18 11 18 18 x x 19 19 15 x x x 14 18 x x 10 17 11 17 14 x 19 14 17 13 10 10 14 11 12 15 19 x x 11 15 14 17 13 12 17 12 15 12 16 13 17 x 18 12 18 x 12 x 16 19 18 17 12 19 x 11 11 14 13 x 10 18 x 13 x 19 12 13 10 10 15 14 12 14 15 x 19 13 13 17 16 13 15 14 15
18 x x x 15 x 15 14 14 17 x x 16 15 19 15 10 14 15 15 13 13 10 12 18 x 12 17 19 14 17 16 10 11 12 12 19 18 17 x 13 13 x 14 16 11 16 16 16 16 14 16 10 x 18 16 15 x 17 13 11 x 13 16 12 x 15 13 19 12 18 16 14 x 12 18 13 13 11 x 12 17 15 12 15 14 12 18 19 19 x 19 13 10 11 13 16 12
19 x 16 17 18 11 19 x 11 12 19 16 x 15 15 11 12 18 11 11 12 12 13 x 17 14 15 18 18 11 10 16 17 17 13 13 x x 16 17 10 x 10 11 x 19 12 14 15 18 10 x 18 19 11 13 13 16 19 15 x 17 15 10 x 16 17 19 13 16 18 x x 14 x 10 x 13 15 19 19 17 x 19 13 11 11 10 17 18 16 12 19 15 15 19 16 17
16 12 18 x x 18 x x 13 16 19 15 15 x x 15 13 12 12 13 x 13 10 11 16 14 13 18 11 10 19 x 12 10 14 12 16 18 12 18 14 11 13 10 11 19 15 x 11 18 11 17 11 15 16 11 x 11 13 13 11 15 15 15 x 18 17 x 13 11 14 16 17 x 17 12 16 18 19 12 19 17 10 12 15 13 11 x 15 17 19 10 x x 18 x 13 17
15 14 10 18 13 11 15 11 19 10 15 19 15 x x 14 11 x 10 18 x 15 11 12 18 11 16 12 14 16 16 16 12 18 10 11 13 15 16 16 14 13 x 14 15 x 18 19 10 19 15 16 17 x 13 15 12 19 10 x 13 12 15 16 19 x 11 10 x 10 18 x 16 13 11 19 16 15 18 18 13 x 15 16 14 10 13 13 18 16 16 10 16 11 15 15 12 16
14 14 19 x 10 18 10 12 x 15 x 15 11 15 14 x 13 10 19 19 10 x 16 19 x 19 18 11 10 17 19 19 14 15 19 15 13 12 x 17 11 16 10 19 11 15 19 17 12 11 16 11 x 14 x 13 18 19 12 17 19 17 14 14 10 16 11 12 14 16 19 17 19 16 12 14 14 17 18 12 16 10 13 17 19 x 18 13 17 x 18 13 19 14 14 11 17 16
17 x 14 14 17 x x 19 17 17 x 10 12 13 11 13 x 16 14 11 16 14 x 13 15 14 11 x 15 16 19 10 17 x 15 11 x 13 x 16 10 13 11 11 17 15 13 18 10 12 14 11 15 x x 15 19 12 x 11 12 10 19 13 11 10 19 18 13 11 12 11 18 11 11 15 15 13 16 13 10 x 18 15 15 18 19 17 x 12 19 14 17 13 17 16 17 10
12 18 18 17 19 18 14 19 18 x x 14 18 12 x 10 16 x 18 18 x 16 x 19 10 10 12 12 16 10 14 18 10 11 15 14 16 11 x 12 14 x 14 13 13 13 x 12 11 15 13 15 13 16 13 x 13 17 18 13 18 18 10 17 16 14 15 12 17 17 17 14 17 12 11 15 11 19 11 11 14 14 14 17 12 17 18 19 14 x 19 19 17 18 10 x 17 19
16 19 17 18 11 14 18 15 14 14 14 15 11 12 10 19 14 18 x 14 10 x 13 19 18 14 15 13 15 13 17 12 19 10 18 13 13 16 19 x 13 17 12 10 x 14 18 17 x 15 14 13 17 10 x 14 19 19 19 10 x 18 x 15 12 16 12 10 19 16 15 15 19 11 10 10 16 19 14 19 16 18 13 x 14 15 18 19 13 18 16 17 17 19 18 13 x 15
10 12 19 11 x 10 18 13 13 10 18 15 11 13 18 19 11 18 14 x x 11 12 x 15 14 17 16 18 x 16 12 12 11 19 13 11 16 11 x 11 13 x 17 x x 15 16 x 11 13 18 17 15 15 14 19 x 16 x 10 11 14 12 x 11 11 17 10 10 x x 10 10 11 15 17 19 x 14 10 10 15 12 x 14 15 18 16 x 16 13 17 19 17 18 19 18
14 17 18 15 12 14 10 14 14 15 x 13 12 x x 10 16 x 10 x x 17 13 x x 13 x 11 17 x x 17 18 10 18 12 16 14 14 17 14 17 10 12 x 16 18 15 18 13 10 13 17 x 11 x 12 19 12 18 x 18 14 16 15 15 18 17 15 17 10 19 16 10 13 16 17 16 12 19 x 13 11 15 12 x 18 x 18 19 18 13 15 12 17 x 18 17
x 12 13 14 12 15 15 17 x 15 x 13 12 13 15 x 14 16 x 11 17 x 14 16 x 15 x 19 16 17 17 18 11 x 16 15 14 x 15 13 x 15 14 16 12 19 12 18 17 11 10 x 17 16 15 19 14 13 10 14 11 10 10 16 12 13 15 12 11 14 13 x 14 13 13 10 15 15 10 18 x 19 14 18 17 x 19 x x 18 17 11 10 x 14 16 19 17
19 17 18 11 x 14 15 x 16 18 10 10 13 10 11 16 x x 13 12 13 14 x 12 17 12 13 13 19 x x 15 17 13 13 11 13 10 18 13 16 x 13 12 x 13 10 19 x 11 17 15 10 15 13 11 12 19 14 x x 15 12 x 19 10 18 15 19 12 18 x 13 16 x x 18 10 13 18 15 10 15 14 x 16 19 17 x 13 12 11 14 17 16 14 17 14
15 11 x 15 13 13 x 19 19 12 17 12 x 11 12 19 13 19 19 x x 16 12 x 12 x 12 12 17 13 15 17 14 18 13 19 x 11 15 13 11 12 18 16 19 18 17 x 12 16 12 12 13 19 11 10 x 16 x 12 11 13 12 19 17 x 11 x 19 x 11 x x 19 19 x 12 17 18 12 10 16 18 x 12 12 14 13 12 12 x 19 12 18 19 19 x 12
19 10 x 16 16 17 x 19 19 12 11 18 17 16 18 x 15 10 18 15 x x 17 12 x 12 10 14 13 19 11 x 16 14 14 13 14 13 13 17 17 10 15 17 12 x x 12 17 14 19 11 19 x 14 16 16 x 10 11 18 12 10 x 17 15 x x 11 14 16 14 x 10 16 15 17 19 14 11 15 10 19 17 14 x 18 13 x 12 17 10 x 18 16 11 17 14
15 18 15 18 14 15 10 18 17 10 17 x 14 14 11 19 14 10 14 14 13 15 12 x 12 x 12 19 16 x 12 12 13 17 15 x 12 11 x 19 16 11 x 13 14 11 16 12 17 x 10 15 17 x 14 14 18 15 x 13 11 17 13 16 18 17 x 17 16 18 x 18 18 x x 15 18 14 x 18 16 12 19 15 10 17 19 13 x 18 19 15 12 18 15 16 12 12
12 19 15 11 12 x 19 14 19 15 14 12 15 13 16 18 11 12 15 17 x x 13 12 10 12 x 11 15 15 13 19 x x 19 17 15 10 11 17 14 x 17 17 16 19 16 x 15 17 x 10 14 12 x x 16 15 10 14 15 16 14 12 18 18 18 11 14 18 16 17 19 17 18 17 10 12 17 11 16 14 18 19 16 12 13 16 16 16 18 11 11 16 13 14 15 15
12 19 14 x 12 17 12 12 19 x x 17 18 18 12 11 x 12 13 16 11 19 13 12 14 19 11 x x 17 19 19 17 11 x 17 13 11 14 17 18 16 12 16 11 12 11 18 x 11 19 12 16 10 11 x 10 15 x x 14 16 10 17 15 19 17 12 15 15 11 13 13 16 14 14 10 x x x 14 17 16 11 x 12 19 x 18 19 x 14 16 11 13 19 15 10
x 16 11 x 17 11 13 15 19 10 19 19 18 11 14 10 15 16 15 18 17 16 19 17 13 16 15 x x 14 x 19 x 17 16 16 15 12 x 15 18 x 11 17 12 17 12 18 17 15 12 17 x 14 13 18 11 x 13 19 12 19 17 x 11 13 x 12 15 12 16 12 11 15 14 x 17 16 19 11 x x 11 14 10 x x 12 17 11 14 12 18 19 11 12 19 16
10 11 19 18 18 19 x 11 19 15 14 14 11 10 16 17 16 10 13 x x 17 x 13 19 x 15 17 14 x 16 18 10 18 15 11 17 17 15 14 14 18 18 10 15 15 13 14 18 16 16 11 x 15 11 11 17 16 14 x 14 11 15 14 14 11 17 16 14 18 10 17 13 11 10 13 13 14 16 x 11 17 10 14 10 10 x 14 18 17 12 10 19 11 17 14 16 x
14 18 12 16 x 16 19 19 10 x 17 17 10 19 16 19 19 14 17 16 x 17 x 15 11 12 13 19 x 16 x 15 12 18 18 x 14 12 x 13 14 17 15 14 x 13 12 16 19 15 19 19 15 15 14 13 14 x 10 11 18 15 15 x 19 16 14 14 14 10 14 10 18 13 17 16 12 19 16 18 15 13 18 19 15 16 19 10 11 x 13 x 19 17 x x 10 12
11 16 11 18 17 x 16 15 11 11 13 16 16 x 16 19 10 18 12 12 17 18 15 17 x 12 19 19 19 18 15 x 16 10 12 12 11 x 14 x 14 12 12 10 18 16 16 19 12 16 12 15 15 x 18 14 10 13 10 10 17 14 18 19 13 10 10 11 x 19 19 10 10 10 11 16 16 10 17 15 13 16 x 13 x 11 11 15 18 10 15 14 19 x 19 12 12 x
19 x x 15 10 x 14 15 x x 10 10 17 12 12 14 17 10 19 12 18 11 17 14 16 13 x 17 x 10 12 16 x 11 16 10 15 16 18 x 13 19 12 16 11 18 16 19 13 12 19 10 11 14 x 16 x 18 18 15 10 13 13 19 11 10 10 19 10 x 15 13 17 16 x 14 17 10 12 14 15 16 16 15 12 16 11 19 15 14 18 x 12 14 16 x 13 16
19 13 13 10 13 16 13 17 18 10 10 11 17 10 18 15 x 11 10 11 10 x 13 18 14 17 x 11 17 18 18 10 11 x 15 12 x 19 19 13 16 12 15 x 17 18 16 11 11 x 12 17 18 x 13 16 18 x 13 15 14 14 14 15 19 12 x 13 19 19 14 18 18 18 12 12 19 x 19 19 16 13 17 10 18 13 16 18 19 x 19 14 19 15 x 19 x 17
16 15 10 11 16 14 17 16 19 17 14 12 13 14 10 19 15 15 18 19 18 16 13 13 14 15 19 x 16 15 18 12 16 15 x 10 13 15 18 12 17 19 10 x 12 x x 13 18 x 12 x 17 12 19 13 12 18 11 14 12 11 18 14 11 10 16 18 17 x 12 12 19 16 15 19 15 16 17 10 11 11 16 19 14 11 x 19 11 x 10 19 x 15 x 17 17 12
15 10 16 18 13 10 15 15 11 11 11 12 13 12 11 15 11 14 13 13 12 15 11 19 13 x 17 17 16 11 x 12 10 12 10 x 18 17 12 x 10 13 18 x 16 19 16 x 10 18 17 13 x 11 12 11 10 15 18 11 x 12 x 12 x 13 14 18 x 19 19 15 10 17 10 19 16 17 16 18 10 x 18 10 15 18 x 15 12 11 10 17 14 x 14 16 15 13
18 10 12 19 19 12 10 13 17 16 12 19 x 16 13 13 x 16 13 11 16 14 13 x 14 12 15 13 15 17 14 11 15 x 13 18 x x 15 15 18 14 19 11 10 x 16 18 11 12 17 17 19 17 13 11 15 15 19 14 14 19 16 19 x 10 18 14 13 19 11 17 11 10 12 17 19 13 13 x x 15 17 19 18 10 10 13 14 14 10 x 17 12 14 16 11 x
x 15 17 14 19 x 18 x 15 13 15 18 x 18 15 12 13 11 16 16 14 x 10 11 13 11 10 11 12 17 12 x 16 19 15 17 x x 16 15 18 13 16 13 12 19 12 14 19 10 17 x 11 18 14 15 15 19 16 x 15 16 x 12 19 17 19 16 10 19 12 18 19 14 12 17 11 14 15 13 11 14 13 17 x 17 10 10 18 19 18 x 13 18 11 19 13 13
14 10 10 15 15 19 10 19 12 10 19 17 16 12 16 x x x 19 11 14 15 18 15 13 x 11 14 x 15 x 14 18 19 18 12 15 16 x 18 14 14 15 19 11 13 18 12 13 12 16 10 x 18 10 14 11 15 16 x 16 14 14 11 x 15 x 13 11 x 13 16 19 18 18 13 x 18 x 16 11 10 15 16 19 19 11 15 10 x 18 19 19 12 19 12 10 x
12 18 15 17 17 12 12 17 11 12 x x 17 18 16 17 16 12 x x 17 13 13 13 17 19 17 17 15 14 13 x x 13 12 x 15 15 18 x x x 15 x 15 x x 17 18 10 19 14 15 14 14 19 16 10 11 12 12 13 13 x 15 18 10 16 x 14 x 16 11 17 17 x x 11 x 12 12 19 x 17 19 17 15 14 18 15 17 19 11 16 11 x 16 13
17 13 17 15 19 11 10 13 14 15 x 13 10 14 14 11 10 14 13 11 14 x 16 11 17 16 14 18 18 14 14 14 13 16 17 10 18 18 14 x x 10 11 13 16 14 18 12 11 x 18 15 x 18 x 11 15 14 12 x 15 11 13 13 15 17 14 13 16 x 12 17 12 15 10 16 11 14 x 13 19 12 18 16 11 17 12 x 10 15 11 x 13 17 x 12 17 16
14 15 10 14 11 17 16 18 11 13 11 13 x 11 13 16 13 x 17 13 17 15 x 12 10 11 x 16 x 18 17 12 19 12 19 13 14 13 14 x 10 x 17 15 x 19 11 15 19 13 14 14 18 19 11 x x 14 x 13 18 x x 19 14 x 17 14 10 18 19 x x 12 18 15 12 18 12 18 13 15 10 11 19 11 17 11 17 16 12 15 x 15 10 12 15 15
17 17 x x 14 10 x 19 19 18 15 x 10 13 x 10 11 14 12 x 10 14 13 18 15 x 17 12 11 18 15 12 12 15 10 18 19 16 15 15 11 17 x 19 16 11 11 13 x x 14 15 x 12 x 17 15 11 14 17 13 14 15 13 15 15 18 18 x 10 17 12 10 11 10 x 13 x 10 15 13 12 17 17 14 15 16 10 13 19 14 14 11 x 17 14 18 16
11 x 13 16 17 x 11 10 18 12 14 14 11 10 14 19 11 13 10 17 12 16 12 16 17 13 17 16 17 10 14 10 16 x x x 11 13 19 x 13 15 19 x 17 17 10 19 18 15 14 16 x 12 17 10 10 13 x 19 x 14 19 16 16 17 19 16 11 19 17 11 x 14 16 19 10 14 12 12 x 10 14 13 19 17 x 17 14 10 18 x 13 18 18 12 17 13
12 10 11 10 11 x x 11 17 15 17 16 x 11 15 11 17 13 x x x 12 x 19 12 14 16 11 12 15 x 18 11 17 12 16 10 12 11 15 16 x 16 17 x 13 x 18 14 12 12 10 13 x 12 12 x 12 13 x 12 12 15 15 17 12 15 15 x 16 x 15 11 12 18 18 16 12 14 10 14 x 19 16 19 x 19 x 15 19 16 x 15 x 17 15 x 13
16 17 19 19 16 12 x 16 15 11 13 11 19 19 x 15 15 13 14 x 16 19 13 18 x 11 19 12 17 15 13 16 18 18 x 19 x 19 13 x 14 19 11 17 13 x x 17 x x 16 x 19 11 19 12 x 16 12 15 15 15 13 12 19 10 10 18 x 14 14 x x 10 13 18 x 11 12 13 x 12 13 14 18 18 14 10 14 x 12 12 18 14 11 11 x 15
17 x 17 16 x 18 11 15 x 11 12 16 12 15 18 19 13 x 18 15 18 12 10 17 x 16 16 11 12 13 12 16 16 16 x 16 16 12 18 x 18 11 11 10 x x x 10 13 15 x 16 18 11 16 10 x 11 19 18 13 18 x 11 11 x 18 13 19 17 19 14 x 17 x 14 x 12 17 17 16 10 12 x 15 10 14 18 15 17 x 13 18 14 18 17 11 x
13 12 19 11 18 11 15 x 15 18 17 16 14 x 19 17 18 12 17 16 15 18 19 x 12 12 x 18 18 14 16 19 19 11 13 x 18 14 12 17 12 15 13 19 18 17 10 x x 12 14 15 19 17 12 12 19 14 14 x 13 11 12 15 15 10 15 12 19 17 13 14 x x 16 x 16 17 15 18 14 11 10 17 x x 19 x x 13 13 10 17 14 14 14 12 14
18 x 13 15 10 12 x 13 16 11 12 16 15 11 10 12 10 11 x x 18 17 x 12 17 17 15 x 17 18 19 12 13 11 18 10 11 19 13 18 11 19 x 18 14 x 13 x x 18 11 14 12 10 10 16 x 16 15 14 14 18 14 12 x 15 16 15 x 14 10 15 x 13 16 11 11 15 12 10 14 17 x x 17 11 12 x 12 18 16 x 19 18 19 17 x 17
x x 19 19 x 18 18 14 10 13 15 16 18 18 19 11 12 15 15 11 13 11 11 16 14 x 17 11 15 16 15 16 12 x x 18 12 10 12 10 x 13 x 15 12 x 15 12 18 x x 12 12 11 12 15 16 x 19 19 15 10 11 13 10 15 18 12 17 13 17 16 18 12 18 10 19 13 13 10 x 11 15 13 19 19 11 15 x x 10 x 11 18 10 15 17 15
17 18 x 13 x 11 12 18 17 18 12 14 10 11 15 16 14 13 14 13 10 10 17 12 19 10 x 19 12 16 19 12 19 12 12 17 17 17 16 19 18 14 14 14 12 16 x 14 11 x x 11 10 13 18 16 x 15 13 10 19 17 10 15 18 10 11 18 18 12 13 16 15 13 18 13 13 13 18 19 10 x 19 10 18 11 12 18 14 11 10 16 17 13 19 x 16 11
18 11 10 14 17 17 10 17 x 17 16 16 x 17 16 11 11 15 13 18 13 x 15 12 11 15 10 12 17 11 19 15 10 17 x 13 17 x 10 14 15 14 15 16 10 x 16 15 14 12 11 x 12 14 15 15 15 10 x 17 16 11 x 14 18 18 19 x 14 18 13 x 12 x 17 18 18 12 13 17 14 13 10 13 16 11 18 15 13 11 16 18 14 18 10 19 13 14
11 16 15 x 14 14 15 18 x 11 13 10 18 11 17 x 15 13 17 17 17 17 10 13 19 17 14 16 x x 15 15 11 18 17 x 19 11 x 15 x 18 x x 13 19 18 19 12 12 10 12 x 11 15 18 11 14 x x 12 19 15 18 10 11 17 14 11 15 18 x 18 10 11 16 15 x 17 16 19 15 x x x 12 17 11 13 16 16 13 x 15 10 12 10 14
17 11 19 10 15 12 16 15 11 13 17 x 19 15 x 14 x 16 10 15 x 16 15 19 x x 12 10 14 15 15 x 14 x 12 11 17 18 18 14 18 19 12 12 x 11 11 17 10 11 13 14 11 x x 13 x x 15 17 14 14 x 17 12 19 15 x 14 14 18 11 10 11 12 15 18 14 14 12 15 11 19 x 17 15 12 11 19 12 14 19 11 14 x 19 13 13
19 13 11 17 15 14 12 12 x x x 18 11 16 13 x x 13 x 15 11 15 13 11 14 14 x 11 13 11 14 18 x 13 19 12 13 14 10 14 x 11 x 17 12 19 16 12 10 12 18 15 15 x x 13 15 15 19 12 10 19 13 10 13 11 16 18 18 14 16 10 12 12 14 19 13 16 19 16 10 19 14 14 18 18 13 13 13 18 17 18 15 17 12 14 11 16
x 19 18 18 18 18 13 13 15 14 18 16 13 11 15 13 15 x 14 14 x 19 11 10 16 14 x x 18 11 13 14 16 16 13 11 11 15 14 19 11 x 17 10 12 12 10 12 16 15 16 15 18 13 13 x 16 17 11 18 11 10 11 13 14 14 13 18 12 19 12 x x 17 16 x 11 17 15 13 x x 16 14 12 18 11 17 12 12 13 17 15 11 17 x 17 19
17 17 10 x 11 17 13 12 19 19 12 15 13 x 12 18 19 13 19 19 12 14 12 x 16 18 16 10 11 17 14 10 x 18 12 10 15 15 11 16 15 x 15 10 x x x 19 x 16 x 15 11 x 15 16 x 16 17 11 13 12 x 14 14 11 11 18 14 13 x 18 17 19 17 17 10 12 12 11 19 19 12 10 11 13 14 18 14 11 13 14 14 17 14 10 12 13
13 x 17 14 16 14 17 14 18 12 18 x 16 11 19 19 12 17 19 x 19 13 19 16 x 15 15 15 x 16 x 13 18 x 18 15 15 19 15 10 14 14 11 13 12 16 11 14 16 x 15 10 14 x 15 17 16 x 15 14 14 12 x 13 x x 14 13 15 17 10 17 11 10 x 18 18 16 16 16 11 15 10 16 13 16 14 17 16 12 18 17 12 13 15 x 15 12
11 18 13 x 19 x x 15 11 16 x 17 19 13 10 12 x 18 19 16 12 10 14 x 10 x 10 x 13 14 10 10 18 13 11 18 19 16 16 11 12 x 14 x 13 12 19 14 15 19 13 x x 15 19 11 17 15 x x 17 x x 18 14 12 x 16 x 19 15 14 13 13 16 13 11 14 13 11 14 15 10 x x 13 12 14 19 15 19 18 19 11 19 15 x 10
11 19 10 16 17 18 18 x x x 12 13 15 13 x 17 11 13 10 x 18 14 x 12 11 13 14 x 19 x 11 10 15 15 14 11 14 x x 12 x 13 17 19 x 15 18 x 14 19 10 17 x 17 12 18 11 14 x x 15 19 13 16 11 13 15 19 13 16 x x x 16 12 12 13 18 13 16 10 15 x 12 15 17 11 14 16 16 14 x 10 19 x 19 10 19
x 16 13 15 13 x x 14 10 10 x 11 x 11 13 19 12 18 x 10 x 11 x 11 18 11 15 14 12 14 18 17 10 14 12 x 14 15 16 12 15 18 13 x 12 15 13 13 14 15 19 16 12 14 10 11 13 14 17 15 x 11 14 19 12 14 x 17 13 16 16 x 15 14 16 16 14 10 12 13 14 18 13 13 x 13 11 14 17 18 17 15 19 18 19 x 16 11
17 x 17 15 10 14 11 18 15 16 16 x 17 15 12 17 10 18 18 11 18 10 15 13 12 17 16 16 19 11 15 14 13 14 11 12 19 16 14 13 11 x 14 14 12 15 18 11 18 10 17 11 19 14 19 10 12 12 x 19 11 x 15 16 19 15 11 10 18 18 15 11 18 12 10 17 15 16 17 16 11 11 16 x 15 18 18 16 18 x 10 18 16 19 10 x x 11
x 18 x 12 16 10 15 13 x x 19 13 15 15 15 14 19 10 x 14 14 10 12 12 10 13 14 10 17 15 15 18 13 14 18 x 16 x 14 13 13 x 15 19 15 13 x 12 14 11 10 x 15 x 13 11 x x x 13 14 15 x 16 16 18 17 19 x 13 14 17 17 17 11 10 17 19 12 x 17 11 14 10 11 12 11 17 18 15 15 17 x 12 16 12 15 12
x 16 18 11 12 12 14 11 13 17 18 16 10 15 16 14 13 17 15 12 16 16 x 19 x 16 12 17 x 14 x 19 19 15 14 12 19 12 11 x 13 19 13 16 15 12 11 15 12 13 15 14 18 17 10 13 14 13 18 16 19 16 16 x 16 13 13 18 13 12 14 x x x 10 17 14 x 14 17 12 10 x 11 x 14 12 x 16 17 16 12 12 10 10 10 18 x
12 15 15 12 15 16 x x 16 10 17 12 x x 19 10 11 16 12 x 15 12 19 17 17 18 18 15 11 14 19 13 11 19 11 x x 19 x 15 15 14 15 16 17 19 11 15 x 10 18 18 10 12 13 14 14 x 14 11 12 19 16 16 x x 16 19 10 12 14 16 10 13 13 15 16 x 17 13 11 x 17 15 x 19 x 18 12 15 17 16 11 19 18 11 17 18
10 10 12 13 18 16 x 11 12 10 12 x 16 18 x 16 10 14 16 11 15 13 10 x 15 17 18 19 13 11 16 10 10 12 10 13 10 17 15 18 17 x 15 17 12 10 x 10 15 15 10 18 11 19 11 14 11 x 12 13 14 15 18 13 x x 11 17 19 15 15 15 18 13 14 18 18 19 11 15 18 14 14 x 12 11 19 16 11 17 13 18 18 15 17 x x 15
10 x 11 10 11 14 17 12 15 x 19 15 17 17 11 11 19 15 12 11 18 15 18 11 x x 18 17 x 17 14 10 10 x 16 14 18 19 x 10 14 17 18 19 15 10 18 15 16 18 11 19 17 15 16 13 11 14 x 15 x 11 17 13 16 11 x 18 14 19 16 17 15 12 16 19 17 15 10 13 13 14 12 19 x 16 x 15 14 18 x 17 13 10 x 19 13 18
16 19 x 13 18 10 18 11 12 14 x 13 19 x 10 12 18 12 10 17 17 12 15 x x 17 11 12 12 16 14 11 19 13 18 18 14 16 13 16 13 14 18 16 15 18 13 12 15 12 18 x 14 x 18 18 18 13 16 19 17 10 19 18 19 17 18 x x 14 11 12 17 15 19 15 13 14 11 x 16 16 13 18 19 17 13 13 x x 11 10 11 15 15 14 16 13
13 x 10 19 18 18 12 14 12 x 11 19 13 13 x 14 13 17 19 10 15 11 19 19 11 16 14 15 15 14 14 x 10 19 17 x 13 10 11 x 16 10 x 11 x x 19 19 x 17 18 14 11 14 18 12 14 15 x 13 13 18 x 13 10 19 14 x x 13 12 11 19 19 13 11 19 17 14 17 17 18 18 12 14 15 11 x 19 19 x 10 10 17 15 x 19 16
12 16 14 x 13 x 12 10 17 x 11 12 16 11 10 16 11 17 16 10 17 14 12 x 14 18 18 15 12 18 10 19 x 19 x 19 19 19 x 14 x 18 10 19 16 14 17 17 14 13 12 18 15 14 14 19 13 17 19 16 16 18 13 12 12 15 19 14 13 x 18 14 17 18 x x x 17 15 18 x 19 x 17 18 x x 18 10 15 x 11 15 19 12 11 16 12
12 17 x 16 11 10 19 18 17 18 14 18 18 14 18 19 12 17 15 x 10 13 18 11 16 x 16 11 16 10 14 19 15 14 12 19 11 12 13 x 12 19 17 17 x 14 19 13 10 17 13 13 18 18 16 12 x 10 15 x 16 15 14 14 14 15 16 11 12 18 x 11 16 x 11 11 14 10 15 10 13 12 15 19 15 13 14 18 15 19 19 x 16 15 14 15 17 x
17 15 11 19 18 13 10 x 11 11 13 16 x 16 x 17 11 14 15 x 19 x x x 14 18 17 13 12 17 10 10 13 18 12 15 17 18 16 16 17 x 12 11 15 x 14 14 15 16 16 x x 11 10 x 18 17 14 x x 11 17 x 16 15 17 12 11 14 11 x 19 x 15 x 13 13 11 17 10 14 17 12 16 16 12 x 19 x 13 13 16 11 14 16 18 19
16 18 x 11 19 11 10 18 12 14 x 14 x 17 16 19 18 17 19 10 16 14 13 x x 18 19 13 11 13 18 10 17 18 19 10 11 19 19 11 12 x 10 x 11 x x x x 18 15 12 18 10 12 x 17 11 13 x 15 18 17 x 10 18 15 17 19 17 16 19 x 18 x x 10 13 12 14 15 10 13 x 17 11 19 10 x x 14 14 11 16 13 x 12 12
15 18 17 19 13 19 15 18 16 13 10 x 14 x 13 16 11 12 11 10 10 13 16 19 10 x 17 16 15 11 13 10 16 18 16 17 10 14 18 17 15 12 11 14 12 10 17 x 13 12 13 x 10 11 12 17 19 10 13 16 14 12 17 x 13 13 12 15 19 18 x x 18 x x x 13 18 11 12 10 16 18 13 15 12 12 13 15 10 19 19 12 12 17 13 13 13
13 13 13 13 18 12 16 18 11 17 18 12 x 17 11 12 11 11 10 11 13 13 x 19 16 x 18 14 14 10 17 11 x 12 15 10 12 12 18 17 10 18 10 16 18 13 x 16 16 18 18 17 11 12 14 16 17 x 16 12 16 10 11 10 13 14 16 19 13 x 11 15 x x x 14 12 11 15 x 11 10 15 x 16 16 14 13 17 16 x x 16 11 16 x 14 x
14 10 11 17 16 17 16 14 11 15 x 18 10 12 19 14 15 15 10 15 16 10 x x 15 15 17 14 x 13 16 16 14 12 19 19 17 17 13 x 16 15 x 19 18 18 14 x 11 10 13 18 16 15 19 x 17 18 13 12 16 17 10 17 15 18 19 15 11 x 11 x x x 14 x 11 10 15 x x 19 16 12 13 11 x 17 14 16 14 15 19 19 x 11 14 10
19 15 x x 15 15 16 10 x 17 13 13 x 16 16 14 15 11 16 17 17 15 18 12 17 18 10 10 17 13 12 16 17 19 15 16 19 11 x x 11 12 13 10 16 x x 16 11 19 13 18 15 18 13 11 10 18 11 13 14 15 17 14 16 18 17 13 19 x 14 13 10 13 12 11 x 14 13 19 10 13 12 14 15 13 12 x 11 11 17 10 15 x 16 11 x 14
19 17 15 x 12 19 12 16 18 19 x 13 13 18 15 17 13 19 19 19 16 15 10 17 19 14 12 x 16 14 19 10 10 x 16 17 13 14 18 11 14 18 x 14 12 11 12 17 15 13 13 12 x 14 16 17 12 16 14 18 10 16 19 x x 19 15 14 17 17 10 13 13 18 11 10 14 x 10 14 19 19 15 10 15 14 11 11 14 12 17 18 19 19 16 13 10 15
18 19 18 13 19 13 17 x x x 19 11 15 19 18 18 16 11 14 x 12 10 13 18 14 x 17 x 19 16 16 17 12 19 17 16 13 15 x x x 12 10 12 14 12 17 15 12 13 18 13 17 14 19 15 12 16 13 13 12 17 12 14 17 11 10 11 14 15 15 11 12 11 15 15 13 10 x x 16 17 12 13 15 13 16 19 11 11 11 13 18 16 10 13 15 16
13 16 14 19 12 11 16 10 15 15 12 x 19 12 18 12 13 11 19 14 19 18 18 12 11 18 11 x 11 x 18 15 14 19 10 18 x 13 16 12 13 18 15 12 10 13 17 18 10 10 19 17 16 12 16 13 11 16 11 16 13 16 x 17 13 15 13 x 17 18 10 17 14 12 x x 19 14 x x 16 13 13 16 13 17 11 17 12 14 17 11 11 10 15 10 14 18
11 x 11 15 x 11 x 15 15 x 13 12 19 19 13 16 10 14 16 10 x x 15 10 15 16 16 14 x 11 15 13 15 16 11 10 x 11 11 12 19 13 13 x 14 x 16 14 14 x 10 14 19 15 10 x 19 11 14 10 14 11 17 12 11 18 13 16 17 x 13 10 15 10 11 x 10 19 16 16 x 11 13 14 12 17 11 12 x 19 12 19 18 x 11 18 12 x
13 x 18 19 x 10 11 11 x 18 10 17 17 17 x 10 x 14 18 10 13 19 10 16 10 12 14 17 x 17 13 16 16 13 11 x 15 14 10 19 12 15 12 10 x 12 10 11 17 11 x 13 15 11 19 x 19 15 15 15 18 11 11 10 x 14 14 16 18 19 12 14 10 16 10 19 13 19 17 13 11 x x 19 19 19 17 18 10 19 17 15 19 15 14 18 16 15
13 13 x 12 19 14 16 x x x 10 15 x 10 15 13 18 14 13 15 11 14 15 18 19 19 18 16 11 10 18 x 16 17 16 18 17 13 15 x 18 10 17 14 19 13 12 10 x 15 19 10 x 19 14 16 12 10 10 x 13 16 14 x 17 14 12 13 18 x 15 17 13 18 15 16 12 15 12 13 13 x x 12 12 11 x 10 16 19 19 13 x 19 17 13 16 15
11 17 13 19 15 11 x 12 13 14 15 12 19 12 16 17 15 17 x 12 15 18 14 x 17 15 19 11 14 14 19 13 15 10 19 10 19 17 16 17 16 11 17 13 16 14 x 17 x 13 10 13 x x 14 14 10 16 x 12 13 x 10 11 15 x 19 18 12 17 19 12 x 13 x 12 14 10 13 16 14 19 12 x x 13 14 10 16 17 11 19 12 13 10 12 18 x
10 10 10 13 x 14 11 13 10 17 14 15 13 15 14 19 15 12 14 x 12 17 x 12 14 10 16 x 10 10 15 x 12 18 14 15 18 x 19 19 11 19 14 19 19 18 15 x 17 19 18 16 x 17 18 12 11 13 x 15 x 15 11 x x 12 x 19 14 18 15 16 17 15 16 13 15 15 15 13 12 19 12 x x 17 18 x x 18 16 15 19 19 19 16 12 x
18 18 13 14 16 16 11 15 x 10 12 14 11 13 10 x 18 17 15 14 x x 16 12 x 17 12 12 x 10 16 11 16 13 11 18 10 17 19 17 17 11 15 17 x 18 10 x 11 19 11 11 12 15 18 18 13 16 13 17 13 18 12 14 19 11 16 17 15 x 13 16 11 12 16 11 13 14 13 17 17 19 11 13 17 x 18 15 x 17 18 19 x 18 17 10 x 18
15 19 17 17 15 14 13 12 17 12 14 12 11 11 13 18 19 18 18 15 18 19 19 14 18 19 13 19 x x 19 11 11 16 x x 10 10 11 15 12 17 16 x 19 14 14 19 12 11 12 18 17 12 13 11 14 14 12 11 11 18 11 12 x 19 x 13 11 x 14 12 19 12 14 x 12 11 16 11 11 17 x 14 18 18 x 15 17 16 11 16 x 17 18 x 12 14
19 10 19 14 13 12 16 13 16 14 15 18 10 x 13 13 17 19 19 18 x x 17 13 13 13 16 x 12 14 10 15 19 18 19 15 13 10 15 14 x 11 10 17 x 10 18 x x 15 18 15 11 11 13 17 18 17 14 14 14 16 17 x 18 16 15 13 x 18 18 x 10 13 13 17 x 11 19 17 12 18 10 10 x 15 15 x 12 14 11 12 18 17 14 19 15 13
10 19 15 11 17 10 12 19 12 15 x 19 17 15 18 17 x 14 13 16 18 x x 12 x x 16 18 17 18 11 18 15 19 11 12 14 18 10 18 10 17 13 14 15 14 15 x 12 x 14 13 13 19 13 12 14 16 19 16 17 18 18 16 12 11 14 x 19 10 15 19 x 15 17 14 11 14 11 12 x 10 16 16 x x 17 12 x 19 19 12 x 14 17 14 18 17
11 14 19 16 19 14 13 19 10 15 19 19 18 17 16 x 12 x 18 x 19 18 13 12 12 18 16 19 11 17 x 10 14 x x 11 14 19 x 15 15 16 19 10 19 x 17 13 18 x 11 11 16 12 18 12 11 12 15 16 18 x 15 17 15 17 18 x 19 15 19 x x 10 16 16 11 12 11 14 19 19 19 17 18 17 16 14 19 x 12 14 x 15 12 17 13 12
13 15 13 18 17 14 15 18 10 x 13 x 16 19 16 18 19 19 16 16 18 17 12 x 17 19 18 x 14 12 13 15 18 19 10 10 10 18 18 17 11 12 14 18 16 12 x 13 16 10 10 16 16 14 17 13 13 18 19 14 17 10 15 16 17 13 x 11 x x 19 13 14 19 x 14 17 17 11 17 12 17 19 11 16 18 11 11 19 12 x 17 12 13 18 14 12 18
16 15 x 11 11 19 14 18 18 16 13 19 12 10 10 13 14 19 17 13 13 11 11 19 10 15 11 14 12 10 x 14 x 14 19 17 x x 19 19 x 15 14 x x 12 13 10 x x 16 18 13 19 18 17 14 17 18 x 15 18 17 12 16 18 17 10 10 11 x 13 14 19 x 15 10 18 13 11 19 15 13 19 15 19 16 12 12 14 17 x 18 13 14 18 x 10
x 19 13 x 15 12 11 11 13 19 17 13 19 x 16 19 17 17 17 17 15 10 14 12 x 12 11 16 18 19 19 19 12 19 x 14 17 13 19 11 13 x 11 13 15 18 18 17 19 11 17 14 x 11 15 15 14 12 19 10 19 16 x 12 11 18 13 11 10 15 16 16 11 12 16 19 15 19 18 11 18 19 x 12 19 x x 18 x x 12 18 x 15 19 17 x 10
x 15 17 x 15 16 12 15 16 18 16 10 15 x 11 14 13 18 19 19 12 x 17 18 18 18 16 11 19 11 17 x 14 15 15 x 12 18 12 16 17 15 x 18 x 14 14 14 18 18 13 18 15 14 17 11 17 13 11 19 18 19 12 10 19 15 10 15 17 19 15 11 16 12 11 19 x 19 16 10 x 15 19 13 19 18 17 17 14 15 13 13 15 x 12 x 17 12
x 13 15 17 13 15 15 10 13 x 13 11 15 18 15 14 17 10 18 17 17 14 16 19 16 15 13 13 11 17 x 19 16 x x 14 14 11 19 11 x 10 17 18 17 11 18 14 19 10 19 10 10 x 12 17 14 15 19 x 19 10 16 10 18 17 x 15 15 12 14 14 13 17 16 x 16 16 10 15 11 14 17 10 19 17 18 14 17 12 18 14 19 12 x 15 10 10
12 10 14 13 10 10 12 18 14 15 15 13 19 x 15 11 16 x 13 18 x 16 14 19 11 16 14 19 12 14 x 12 x 19 17 16 16 19 12 x 12 12 14 12 15 11 17 14 17 15 x 19 12 19 14 x 10 x 15 19 x x 12 10 11 x 19 14 x 11 15 16 x 13 x 11 11 13 13 10 18 18 13 12 16 10 x 19 14 17 14 18 17 x 15 x 18 14
17 x 13 x x 16 12 18 12 18 14 16 16 13 12 17 17 17 x 19 18 19 17 x 17 12 15 15 19 16 10 12 13 x 17 15 11 13 10 16 17 15 18 17 x x 11 12 x 17 16 13 10 13 11 17 12 15 x 10 16 x 15 18 17 x 13 16 19 16 17 18 12 13 14 14 x 10 15 14 12 16 16 18 12 x 12 15 18 13 12 x x 17 10 18 x 10
18 x 17 12 15 x 11 x 17 11 15 12 17 17 16 16 10 19 15 18 17 17 14 12 14 12 15 10 16 x 12 x 16 17 12 13 x 13 x 13 16 15 16 13 13 15 x 14 17 15 11 14 14 13 16 19 13 12 10 19 11 11 12 x 18 15 18 13 16 12 x 19 12 13 x 10 14 15 16 18 x 15 15 x x 18 14 13 17 12 18 10 10 12 10 14 10 x
