50
25
_l_o_c0 _l_o_c1 _l_o_c2 _l_o_c3 _l_o_c4 _l_o_c5 _l_o_c6 _l_o_c7 _l_o_c8 _l_o_c9 _l_o_c10 _l_o_c11 _l_o_c12 _l_o_c13 _l_o_c14 _l_o_c15 _l_o_c16 _l_o_c17 _l_o_c18 _l_o_c19 _l_o_c20 _l_o_c21 _l_o_c22 _l_o_c23 _l_o_c24 _l_o_c25 _l_o_c26 _l_o_c27 _l_o_c28 _l_o_c29 _l_o_c30 _l_o_c31 _l_o_c32 _l_o_c33 _l_o_c34 _l_o_c35 _l_o_c36 _l_o_c37 _l_o_c38 _l_o_c39 _l_o_c40 _l_o_c41 _l_o_c42 _l_o_c43 _l_o_c44 _l_o_c45 _l_o_c46 _l_o_c47 _l_o_c48 _l_o_c49
_l_o_c5 _l_o_c6 _l_o_c8 _l_o_c9 _l_o_c12 _l_o_c13 _l_o_c15 _l_o_c16 _l_o_c20 _l_o_c21 _l_o_c23 _l_o_c24 _l_o_c27 _l_o_c28 _l_o_c30 _l_o_c31 _l_o_c36 _l_o_c37 _l_o_c39 _l_o_c41 _l_o_c42 _l_o_c45 _l_o_c46 _l_o_c48 _l_o_c49
_l_o_c0
x 1 2 3 4 5 5 4 5 5 3 4 5 5 4 5 5 2 3 4 5 5 4 5 5 3 4 5 5 4 5 5 1 2 3 4 5 5 4 5 3 4 4 2 3 4 4 3 4 4
1 x 1 2 3 4 4 3 4 4 2 3 4 4 3 4 4 1 2 3 4 4 3 4 4 2 3 4 4 3 4 4 2 3 4 5 6 6 5 6 4 5 5 3 4 5 5 4 5 5
2 1 x 1 2 3 3 2 3 3 1 2 3 3 2 3 3 2 3 4 5 5 4 5 5 3 4 5 5 4 5 5 3 4 5 6 7 7 6 7 5 6 6 4 5 6 6 5 6 6
3 2 1 x 1 2 2 1 2 2 2 3 4 4 3 4 4 3 4 5 6 6 5 6 6 4 5 6 6 5 6 6 4 5 6 7 8 8 7 8 6 7 7 5 6 7 7 6 7 7
4 3 2 1 x 1 1 2 3 3 3 4 5 5 4 5 5 4 5 6 7 7 6 7 7 5 6 7 7 6 7 7 5 6 7 8 9 9 8 9 7 8 8 6 7 8 8 7 8 8
5 4 3 2 1 x 2 3 4 4 4 5 6 6 5 6 6 5 6 7 8 8 7 8 8 6 7 8 8 7 8 8 6 7 8 9 10 10 9 10 8 9 9 7 8 9 9 8 9 9
5 4 3 2 1 2 x 3 4 4 4 5 6 6 5 6 6 5 6 7 8 8 7 8 8 6 7 8 8 7 8 8 6 7 8 9 10 10 9 10 8 9 9 7 8 9 9 8 9 9
4 3 2 1 2 3 3 x 1 1 3 4 5 5 4 5 5 4 5 6 7 7 6 7 7 5 6 7 7 6 7 7 5 6 7 8 9 9 8 9 7 8 8 6 7 8 8 7 8 8
5 4 3 2 3 4 4 1 x 2 4 5 6 6 5 6 6 5 6 7 8 8 7 8 8 6 7 8 8 7 8 8 6 7 8 9 10 10 9 10 8 9 9 7 8 9 9 8 9 9
5 4 3 2 3 4 4 1 2 x 4 5 6 6 5 6 6 5 6 7 8 8 7 8 8 6 7 8 8 7 8 8 6 7 8 9 10 10 9 10 8 9 9 7 8 9 9 8 9 9
3 2 1 2 3 4 4 3 4 4 x 1 2 2 1 2 2 3 4 5 6 6 5 6 6 4 5 6 6 5 6 6 4 5 6 7 8 8 7 8 6 7 7 5 6 7 7 6 7 7
4 3 2 3 4 5 5 4 5 5 1 x 1 1 2 3 3 4 5 6 7 7 6 7 7 5 6 7 7 6 7 7 5 6 7 8 9 9 8 9 7 8 8 6 7 8 8 7 8 8
5 4 3 4 5 6 6 5 6 6 2 1 x 2 3 4 4 5 6 7 8 8 7 8 8 6 7 8 8 7 8 8 6 7 8 9 10 10 9 10 8 9 9 7 8 9 9 8 9 9
5 4 3 4 5 6 6 5 6 6 2 1 2 x 3 4 4 5 6 7 8 8 7 8 8 6 7 8 8 7 8 8 6 7 8 9 10 10 9 10 8 9 9 7 8 9 9 8 9 9
4 3 2 3 4 5 5 4 5 5 1 2 3 3 x 1 1 4 5 6 7 7 6 7 7 5 6 7 7 6 7 7 5 6 7 8 9 9 8 9 7 8 8 6 7 8 8 7 8 8
5 4 3 4 5 6 6 5 6 6 2 3 4 4 1 x 2 5 6 7 8 8 7 8 8 6 7 8 8 7 8 8 6 7 8 9 10 10 9 10 8 9 9 7 8 9 9 8 9 9
5 4 3 4 5 6 6 5 6 6 2 3 4 4 1 2 x 5 6 7 8 8 7 8 8 6 7 8 8 7 8 8 6 7 8 9 10 10 9 10 8 9 9 7 8 9 9 8 9 9
2 1 2 3 4 5 5 4 5 5 3 4 5 5 4 5 5 x 1 2 3 3 2 3 3 1 2 3 3 2 3 3 3 4 5 6 7 7 6 7 5 6 6 4 5 6 6 5 6 6
3 2 3 4 5 6 6 5 6 6 4 5 6 6 5 6 6 1 x 1 2 2 1 2 2 2 3 4 4 3 4 4 4 5 6 7 8 8 7 8 6 7 7 5 6 7 7 6 7 7
4 3 4 5 6 7 7 6 7 7 5 6 7 7 6 7 7 2 1 x 1 1 2 3 3 3 4 5 5 4 5 5 5 6 7 8 9 9 8 9 7 8 8 6 7 8 8 7 8 8
5 4 5 6 7 8 8 7 8 8 6 7 8 8 7 8 8 3 2 1 x 2 3 4 4 4 5 6 6 5 6 6 6 7 8 9 10 10 9 10 8 9 9 7 8 9 9 8 9 9
5 4 5 6 7 8 8 7 8 8 6 7 8 8 7 8 8 3 2 1 2 x 3 4 4 4 5 6 6 5 6 6 6 7 8 9 10 10 9 10 8 9 9 7 8 9 9 8 9 9
4 3 4 5 6 7 7 6 7 7 5 6 7 7 6 7 7 2 1 2 3 3 x 1 1 3 4 5 5 4 5 5 5 6 7 8 9 9 8 9 7 8 8 6 7 8 8 7 8 8
5 4 5 6 7 8 8 7 8 8 6 7 8 8 7 8 8 3 2 3 4 4 1 x 2 4 5 6 6 5 6 6 6 7 8 9 10 10 9 10 8 9 9 7 8 9 9 8 9 9
5 4 5 6 7 8 8 7 8 8 6 7 8 8 7 8 8 3 2 3 4 4 1 2 x 4 5 6 6 5 6 6 6 7 8 9 10 10 9 10 8 9 9 7 8 9 9 8 9 9
3 2 3 4 5 6 6 5 6 6 4 5 6 6 5 6 6 1 2 3 4 4 3 4 4 x 1 2 2 1 2 2 4 5 6 7 8 8 7 8 6 7 7 5 6 7 7 6 7 7
4 3 4 5 6 7 7 6 7 7 5 6 7 7 6 7 7 2 3 4 5 5 4 5 5 1 x 1 1 2 3 3 5 6 7 8 9 9 8 9 7 8 8 6 7 8 8 7 8 8
5 4 5 6 7 8 8 7 8 8 6 7 8 8 7 8 8 3 4 5 6 6 5 6 6 2 1 x 2 3 4 4 6 7 8 9 10 10 9 10 8 9 9 7 8 9 9 8 9 9
5 4 5 6 7 8 8 7 8 8 6 7 8 8 7 8 8 3 4 5 6 6 5 6 6 2 1 2 x 3 4 4 6 7 8 9 10 10 9 10 8 9 9 7 8 9 9 8 9 9
4 3 4 5 6 7 7 6 7 7 5 6 7 7 6 7 7 2 3 4 5 5 4 5 5 1 2 3 3 x 1 1 5 6 7 8 9 9 8 9 7 8 8 6 7 8 8 7 8 8
5 4 5 6 7 8 8 7 8 8 6 7 8 8 7 8 8 3 4 5 6 6 5 6 6 2 3 4 4 1 x 2 6 7 8 9 10 10 9 10 8 9 9 7 8 9 9 8 9 9
5 4 5 6 7 8 8 7 8 8 6 7 8 8 7 8 8 3 4 5 6 6 5 6 6 2 3 4 4 1 2 x 6 7 8 9 10 10 9 10 8 9 9 7 8 9 9 8 9 9
1 2 3 4 5 6 6 5 6 6 4 5 6 6 5 6 6 3 4 5 6 6 5 6 6 4 5 6 6 5 6 6 x 1 2 3 4 4 3 4 2 3 3 1 2 3 3 2 3 3
2 3 4 5 6 7 7 6 7 7 5 6 7 7 6 7 7 4 5 6 7 7 6 7 7 5 6 7 7 6 7 7 1 x 1 2 3 3 2 3 1 2 2 2 3 4 4 3 4 4
3 4 5 6 7 8 8 7 8 8 6 7 8 8 7 8 8 5 6 7 8 8 7 8 8 6 7 8 8 7 8 8 2 1 x 1 2 2 1 2 2 3 3 3 4 5 5 4 5 5
4 5 6 7 8 9 9 8 9 9 7 8 9 9 8 9 9 6 7 8 9 9 8 9 9 7 8 9 9 8 9 9 3 2 1 x 1 1 2 3 3 4 4 4 5 6 6 5 6 6
5 6 7 8 9 10 10 9 10 10 8 9 10 10 9 10 10 7 8 9 10 10 9 10 10 8 9 10 10 9 10 10 4 3 2 1 x 2 3 4 4 5 5 5 6 7 7 6 7 7
5 6 7 8 9 10 10 9 10 10 8 9 10 10 9 10 10 7 8 9 10 10 9 10 10 8 9 10 10 9 10 10 4 3 2 1 2 x 3 4 4 5 5 5 6 7 7 6 7 7
4 5 6 7 8 9 9 8 9 9 7 8 9 9 8 9 9 6 7 8 9 9 8 9 9 7 8 9 9 8 9 9 3 2 1 2 3 3 x 1 3 4 4 4 5 6 6 5 6 6
5 6 7 8 9 10 10 9 10 10 8 9 10 10 9 10 10 7 8 9 10 10 9 10 10 8 9 10 10 9 10 10 4 3 2 3 4 4 1 x 4 5 5 5 6 7 7 6 7 7
3 4 5 6 7 8 8 7 8 8 6 7 8 8 7 8 8 5 6 7 8 8 7 8 8 6 7 8 8 7 8 8 2 1 2 3 4 4 3 4 x 1 1 3 4 5 5 4 5 5
4 5 6 7 8 9 9 8 9 9 7 8 9 9 8 9 9 6 7 8 9 9 8 9 9 7 8 9 9 8 9 9 3 2 3 4 5 5 4 5 1 x 2 4 5 6 6 5 6 6
4 5 6 7 8 9 9 8 9 9 7 8 9 9 8 9 9 6 7 8 9 9 8 9 9 7 8 9 9 8 9 9 3 2 3 4 5 5 4 5 1 2 x 4 5 6 6 5 6 6
2 3 4 5 6 7 7 6 7 7 5 6 7 7 6 7 7 4 5 6 7 7 6 7 7 5 6 7 7 6 7 7 1 2 3 4 5 5 4 5 3 4 4 x 1 2 2 1 2 2
3 4 5 6 7 8 8 7 8 8 6 7 8 8 7 8 8 5 6 7 8 8 7 8 8 6 7 8 8 7 8 8 2 3 4 5 6 6 5 6 4 5 5 1 x 1 1 2 3 3
4 5 6 7 8 9 9 8 9 9 7 8 9 9 8 9 9 6 7 8 9 9 8 9 9 7 8 9 9 8 9 9 3 4 5 6 7 7 6 7 5 6 6 2 1 x 2 3 4 4
4 5 6 7 8 9 9 8 9 9 7 8 9 9 8 9 9 6 7 8 9 9 8 9 9 7 8 9 9 8 9 9 3 4 5 6 7 7 6 7 5 6 6 2 1 2 x 3 4 4
3 4 5 6 7 8 8 7 8 8 6 7 8 8 7 8 8 5 6 7 8 8 7 8 8 6 7 8 8 7 8 8 2 3 4 5 6 6 5 6 4 5 5 1 2 3 3 x 1 1
4 5 6 7 8 9 9 8 9 9 7 8 9 9 8 9 9 6 7 8 9 9 8 9 9 7 8 9 9 8 9 9 3 4 5 6 7 7 6 7 5 6 6 2 3 4 4 1 x 2
4 5 6 7 8 9 9 8 9 9 7 8 9 9 8 9 9 6 7 8 9 9 8 9 9 7 8 9 9 8 9 9 3 4 5 6 7 7 6 7 5 6 6 2 3 4 4 1 2 x
