50
25
_c_i_e_o_oTZ_rD_nB8_y7_c_lKPVU _wD_v7_i_c_zN6L_iK2_xDJO_u0N B8N_z_z_bKO_p_k_t_xI_u3RM_i_u1 2_mMEW336_z_l_v_o_a_bKQ0M_z_e ZYH8_j_s_d_c6_i9_l3KB_eNS_d_x _k_o_o1_x8ZKX_yO091_fVUF_pG X_s_wGHK_x_x_h_n_aU5H8_uBG_vJ _a_bY1_d_eV_e_f_uOY_b3Q_b_s_x_c_h KRZBW_x1S_d8_wB0_uU3QW_eQ R4_v_u_uI03_w8_dYL5G_k_hR5G 5ZJ6PKSE_xV6ZR_g_j7N_t2O _dV_f_yZ8_o_sOW_lP_eW_eM_n_t_eY _kU_v_p_k4_l3_f_x8SD_lW_e_uWL_w RZ_m_rQ_a_rR6KH_w_d0_p_x5PCW 3S_pS_gYR_c_x99_pES_u1D9W_i C4_iW_e9_yR2_m_v_fN_mT_v1U_j_g _n14_f_gY77R_xY_u_y7_m_k_bJU1 OYU_i_n_z_d4_z_xV_xI_p_tSB_cML _k_fJ_s5Q_z_mT7ST8_f_t2DP_o_s 0Y8G_uX_eRC_g3UQ8_i_w3_rJM _lM0_uQ_p_h_yVNPO90DR8P6A 6B_k9DP_e1_j2_g_aX3_s_kY_d9_f 5NB_tV3WZ_fSL_uO_c4_s_nASI _k_nZ_x_c5Z_rI_r_cQ_z_v054P_s_s _hN_mN_cVR9G9_vH_mZ_uCCZ_zX _vT_x_hI_vF_uZ_b2EHFF_wTQ_u9 S_pH4_a_aX_lG_aRZ_w_x2N8_t_j_l TO_l_c_hS_nWW_kR7_rRWP9C_d_c _u_gV_nD0_z_zP_x_s_fE_n932_v1_t 6YPX_e_n0O_kUA_j_sBQ_b_u_gH8 S_s2_jKA_e_nF_dVEZ_jK_s_z_u_u_r _mSL1_g_w_uF_l7_e_z_uW_mY_h_oWX HRK_eQ1_mAYVJTDLC_n8_v_y3 5_dLU2_i_hY8_w_eFR_t_dH0NCX XF_oQI_d8_k1NYB_u_l_o_d_lN_z_y 0_r_s0_o_f9LUA_zWT_uAB_wT_nG 4R5_nK_w333ATO_i_zK_dS_r_a_v _jV_nJV_rQ_f_kU_uQ5P_f_g_tD65 N_r_i_nB_a8H_o_d_dX_l4_l4_p837 _y_sF_v_kOBVE_gTOF_m_cR2_x_c1 _x_t_yN_k_g_mQQD_lF_dBV_fN1_o5 _p_a_x_b_zGI_rGUK_uLL8_gNR12 5_e_uTHF_a_u_lI_yTMDO_pAO_iL _yP7W68_h_z_m2SV_u2HO_t_z5_k 29_cQG_jH4_x_g_r2W_j_uBLLE_b G_o_bQ_t8M2_xSMFSG5Q_pM_j_u X_pODWLG9I_c_p_dT_rX00_ySH P_t_xZT_nZK_iABW_c7R1EDLT 2LHGJ_x7_l_j_e13_o5V_g_j_aW_a 7_sEAL87_eVG_tPRFGU7_wZL 
6YPX_e_n0O_kUA_j_sBQ_b_u_gH8 4R5_nK_w333ATO_i_zK_dS_r_a_v 5_dLU2_i_hY8_w_eFR_t_dH0NCX 3S_pS_gYR_c_x99_pES_u1D9W_i C4_iW_e9_yR2_m_v_fN_mT_v1U_j_g _k_nZ_x_c5Z_rI_r_cQ_z_v054P_s_s _y_sF_v_kOBVE_gTOF_m_cR2_x_c1 _jV_nJV_rQ_f_kU_uQ5P_f_g_tD65 _p_a_x_b_zGI_rGUK_uLL8_gNR12 _x_t_yN_k_g_mQQD_lF_dBV_fN1_o5 2_mMEW336_z_l_v_o_a_bKQ0M_z_e TO_l_c_hS_nWW_kR7_rRWP9C_d_c _lM0_uQ_p_h_yVNPO90DR8P6A 0_r_s0_o_f9LUA_zWT_uAB_wT_nG 5_e_uTHF_a_u_lI_yTMDO_pAO_iL _mSL1_g_w_uF_l7_e_z_uW_mY_h_oWX 2LHGJ_x7_l_j_e13_o5V_g_j_aW_a 29_cQG_jH4_x_g_r2W_j_uBLLE_b _wD_v7_i_c_zN6L_iK2_xDJO_u0N KRZBW_x1S_d8_wB0_uU3QW_eQ _dV_f_yZ8_o_sOW_lP_eW_eM_n_t_eY 0Y8G_uX_eRC_g3UQ8_i_w3_rJM _n14_f_gY77R_xY_u_y7_m_k_bJU1 _u_gV_nD0_z_zP_x_s_fE_n932_v1_t 7_sEAL87_eVG_tPRFGU7_wZL 
OYU_i_n_z_d4_z_xV_xI_p_tSB_cML
x 1999999999.0 1999999999.0 1999999999.0 1999999999.0 1999999999.0 1999999999.0 1999999999.0 1999999999.0 1999999999.0 1999999999.0 1999999999.0 1999999999.0 1999999999.0 1999999999.0 1999999999.0 1999999999.0 1999999999.0 1999999999.0 1999999999.0 1999999999.0 1999999999.0 1999999999.0 1999999999.0 1999999999.0 1999999999.0 1999999999.0 1999999999.0 1999999999.0 1999999999.0 1999999999.0 1999999999.0 1999999999.0 1999999999.0 1999999999.0 1999999999.0 1999999999.0 1999999999.0 1999999999.0 1999999999.0 1999999999.0 1999999999.0 1999999999.0 1999999999.0 1999999999.0 1999999999.0 1999999999.0 1999999999.0 1999999999.0 1999999999.0 
1999999999.0 x 1999999999.0 1999999999.0 1999999999.0 1999999999.0 1999999999.0 1999999999.0 1999999999.0 1999999999.0 1999999999.0 1999999999.0 1999999999.0 1999999999.0 1999999999.0 1999999999.0 1999999999.0 1999999999.0 1999999999.0 1999999999.0 1999999999.0 1999999999.0 1999999999.0 1999999999.0 1999999999.0 1999999999.0 1999999999.0 1999999999.0 1999999999.0 1999999999.0 1999999999.0 1999999999.0 1999999999.0 1999999999.0 1999999999.0 1999999999.0 1999999999.0 1999999999.0 1999999999.0 1999999999.0 1999999999.0 1999999999.0 1999999999.0 1999999999.0 1999999999.0 1999999999.0 1999999999.0 1999999999.0 1999999999.0 1999999999.0 
1999999999.0 1999999999.0 x 1999999999.0 1999999999.0 1999999999.0 1999999999.0 1999999999.0 1999999999.0 1999999999.0 1999999999.0 1999999999.0 1999999999.0 1999999999.0 1999999999.0 1999999999.0 1999999999.0 1999999999.0 1999999999.0 1999999999.0 1999999999.0 1999999999.0 1999999999.0 1999999999.0 1999999999.0 1999999999.0 1999999999.0 1999999999.0 1999999999.0 1999999999.0 1999999999.0 1999999999.0 1999999999.0 1999999999.0 1999999999.0 1999999999.0 1999999999.0 1999999999.0 1999999999.0 1999999999.0 1999999999.0 1999999999.0 1999999999.0 1999999999.0 1999999999.0 1999999999.0 1999999999.0 1999999999.0 1999999999.0 1999999999.0 
1999999999.0 1999999999.0 1999999999.0 x 1999999999.0 1999999999.0 1999999999.0 1999999999.0 1999999999.0 1999999999.0 1999999999.0 1999999999.0 1999999999.0 1999999999.0 1999999999.0 1999999999.0 1999999999.0 1999999999.0 1999999999.0 1999999999.0 1999999999.0 1999999999.0 1999999999.0 1999999999.0 1999999999.0 1999999999.0 1999999999.0 1999999999.0 1999999999.0 1999999999.0 1999999999.0 1999999999.0 1999999999.0 1999999999.0 1999999999.0 1999999999.0 1999999999.0 1999999999.0 1999999999.0 1999999999.0 1999999999.0 1999999999.0 1999999999.0 1999999999.0 1999999999.0 1999999999.0 1999999999.0 1999999999.0 1999999999.0 1999999999.0 
1999999999.0 1999999999.0 1999999999.0 1999999999.0 x 1999999999.0 1999999999.0 1999999999.0 1999999999.0 1999999999.0 1999999999.0 1999999999.0 1999999999.0 1999999999.0 1999999999.0 1999999999.0 1999999999.0 1999999999.0 1999999999.0 1999999999.0 1999999999.0 1999999999.0 1999999999.0 1999999999.0 1999999999.0 1999999999.0 1999999999.0 1999999999.0 1999999999.0 1999999999.0 1999999999.0 1999999999.0 1999999999.0 1999999999.0 1999999999.0 1999999999.0 1999999999.0 1999999999.0 1999999999.0 1999999999.0 1999999999.0 1999999999.0 1999999999.0 1999999999.0 1999999999.0 1999999999.0 1999999999.0 1999999999.0 1999999999.0 1999999999.0 
1999999999.0 1999999999.0 1999999999.0 1999999999.0 1999999999.0 x 1999999999.0 1999999999.0 1999999999.0 1999999999.0 1999999999.0 1999999999.0 1999999999.0 1999999999.0 1999999999.0 1999999999.0 1999999999.0 1999999999.0 1999999999.0 1999999999.0 1999999999.0 1999999999.0 1999999999.0 1999999999.0 1999999999.0 1999999999.0 1999999999.0 1999999999.0 1999999999.0 1999999999.0 1999999999.0 1999999999.0 1999999999.0 1999999999.0 1999999999.0 1999999999.0 1999999999.0 1999999999.0 1999999999.0 1999999999.0 1999999999.0 1999999999.0 1999999999.0 1999999999.0 1999999999.0 1999999999.0 1999999999.0 1999999999.0 1999999999.0 1999999999.0 
1999999999.0 1999999999.0 1999999999.0 1999999999.0 1999999999.0 1999999999.0 x 1999999999.0 1999999999.0 1999999999.0 1999999999.0 1999999999.0 1999999999.0 1999999999.0 1999999999.0 1999999999.0 1999999999.0 1999999999.0 1999999999.0 1999999999.0 1999999999.0 1999999999.0 1999999999.0 1999999999.0 1999999999.0 1999999999.0 1999999999.0 1999999999.0 1999999999.0 1999999999.0 1999999999.0 1999999999.0 1999999999.0 1999999999.0 1999999999.0 1999999999.0 1999999999.0 1999999999.0 1999999999.0 1999999999.0 1999999999.0 1999999999.0 1999999999.0 1999999999.0 1999999999.0 1999999999.0 1999999999.0 1999999999.0 1999999999.0 1999999999.0 
1999999999.0 1999999999.0 1999999999.0 1999999999.0 1999999999.0 1999999999.0 1999999999.0 x 1999999999.0 1999999999.0 1999999999.0 1999999999.0 1999999999.0 1999999999.0 1999999999.0 1999999999.0 1999999999.0 1999999999.0 1999999999.0 1999999999.0 1999999999.0 1999999999.0 1999999999.0 1999999999.0 1999999999.0 1999999999.0 1999999999.0 1999999999.0 1999999999.0 1999999999.0 1999999999.0 1999999999.0 1999999999.0 1999999999.0 1999999999.0 1999999999.0 1999999999.0 1999999999.0 1999999999.0 1999999999.0 1999999999.0 1999999999.0 1999999999.0 1999999999.0 1999999999.0 1999999999.0 1999999999.0 1999999999.0 1999999999.0 1999999999.0 
1999999999.0 1999999999.0 1999999999.0 1999999999.0 1999999999.0 1999999999.0 1999999999.0 1999999999.0 x 1999999999.0 1999999999.0 1999999999.0 1999999999.0 1999999999.0 1999999999.0 1999999999.0 1999999999.0 1999999999.0 1999999999.0 1999999999.0 1999999999.0 1999999999.0 1999999999.0 1999999999.0 1999999999.0 1999999999.0 1999999999.0 1999999999.0 1999999999.0 1999999999.0 1999999999.0 1999999999.0 1999999999.0 1999999999.0 1999999999.0 1999999999.0 1999999999.0 1999999999.0 1999999999.0 1999999999.0 1999999999.0 1999999999.0 1999999999.0 1999999999.0 1999999999.0 1999999999.0 1999999999.0 1999999999.0 1999999999.0 1999999999.0 
1999999999.0 1999999999.0 1999999999.0 1999999999.0 1999999999.0 1999999999.0 1999999999.0 1999999999.0 1999999999.0 x 1999999999.0 1999999999.0 1999999999.0 1999999999.0 1999999999.0 1999999999.0 1999999999.0 1999999999.0 1999999999.0 1999999999.0 1999999999.0 1999999999.0 1999999999.0 1999999999.0 1999999999.0 1999999999.0 1999999999.0 1999999999.0 1999999999.0 1999999999.0 1999999999.0 1999999999.0 1999999999.0 1999999999.0 1999999999.0 1999999999.0 1999999999.0 1999999999.0 1999999999.0 1999999999.0 1999999999.0 1999999999.0 1999999999.0 1999999999.0 1999999999.0 1999999999.0 1999999999.0 1999999999.0 1999999999.0 1999999999.0 
1999999999.0 1999999999.0 1999999999.0 1999999999.0 1999999999.0 1999999999.0 1999999999.0 1999999999.0 1999999999.0 1999999999.0 x 1999999999.0 1999999999.0 1999999999.0 1999999999.0 1999999999.0 1999999999.0 1999999999.0 1999999999.0 1999999999.0 1999999999.0 1999999999.0 1999999999.0 1999999999.0 1999999999.0 1999999999.0 1999999999.0 1999999999.0 1999999999.0 1999999999.0 1999999999.0 1999999999.0 1999999999.0 1999999999.0 1999999999.0 1999999999.0 1999999999.0 1999999999.0 1999999999.0 1999999999.0 1999999999.0 1999999999.0 1999999999.0 1999999999.0 1999999999.0 1999999999.0 1999999999.0 1999999999.0 1999999999.0 1999999999.0 
1999999999.0 1999999999.0 1999999999.0 1999999999.0 1999999999.0 1999999999.0 1999999999.0 1999999999.0 1999999999.0 1999999999.0 1999999999.0 x 1999999999.0 1999999999.0 1999999999.0 1999999999.0 1999999999.0 1999999999.0 1999999999.0 1999999999.0 1999999999.0 1999999999.0 1999999999.0 1999999999.0 1999999999.0 1999999999.0 1999999999.0 1999999999.0 1999999999.0 1999999999.0 1999999999.0 1999999999.0 1999999999.0 1999999999.0 1999999999.0 1999999999.0 1999999999.0 1999999999.0 1999999999.0 1999999999.0 1999999999.0 1999999999.0 1999999999.0 1999999999.0 1999999999.0 1999999999.0 1999999999.0 1999999999.0 1999999999.0 1999999999.0 
1999999999.0 1999999999.0 1999999999.0 1999999999.0 1999999999.0 1999999999.0 1999999999.0 1999999999.0 1999999999.0 1999999999.0 1999999999.0 1999999999.0 x 1999999999.0 1999999999.0 1999999999.0 1999999999.0 1999999999.0 1999999999.0 1999999999.0 1999999999.0 1999999999.0 1999999999.0 1999999999.0 1999999999.0 1999999999.0 1999999999.0 1999999999.0 1999999999.0 1999999999.0 1999999999.0 1999999999.0 1999999999.0 1999999999.0 1999999999.0 1999999999.0 1999999999.0 1999999999.0 1999999999.0 1999999999.0 1999999999.0 1999999999.0 1999999999.0 1999999999.0 1999999999.0 1999999999.0 1999999999.0 1999999999.0 1999999999.0 1999999999.0 
1999999999.0 1999999999.0 1999999999.0 1999999999.0 1999999999.0 1999999999.0 1999999999.0 1999999999.0 1999999999.0 1999999999.0 1999999999.0 1999999999.0 1999999999.0 x 1999999999.0 1999999999.0 1999999999.0 1999999999.0 1999999999.0 1999999999.0 1999999999.0 1999999999.0 1999999999.0 1999999999.0 1999999999.0 1999999999.0 1999999999.0 1999999999.0 1999999999.0 1999999999.0 1999999999.0 1999999999.0 1999999999.0 1999999999.0 1999999999.0 1999999999.0 1999999999.0 1999999999.0 1999999999.0 1999999999.0 1999999999.0 1999999999.0 1999999999.0 1999999999.0 1999999999.0 1999999999.0 1999999999.0 1999999999.0 1999999999.0 1999999999.0 
1999999999.0 1999999999.0 1999999999.0 1999999999.0 1999999999.0 1999999999.0 1999999999.0 1999999999.0 1999999999.0 1999999999.0 1999999999.0 1999999999.0 1999999999.0 1999999999.0 x 1999999999.0 1999999999.0 1999999999.0 1999999999.0 1999999999.0 1999999999.0 1999999999.0 1999999999.0 1999999999.0 1999999999.0 1999999999.0 1999999999.0 1999999999.0 1999999999.0 1999999999.0 1999999999.0 1999999999.0 1999999999.0 1999999999.0 1999999999.0 1999999999.0 1999999999.0 1999999999.0 1999999999.0 1999999999.0 1999999999.0 1999999999.0 1999999999.0 1999999999.0 1999999999.0 1999999999.0 1999999999.0 1999999999.0 1999999999.0 1999999999.0 
1999999999.0 1999999999.0 1999999999.0 1999999999.0 1999999999.0 1999999999.0 1999999999.0 1999999999.0 1999999999.0 1999999999.0 1999999999.0 1999999999.0 1999999999.0 1999999999.0 1999999999.0 x 1999999999.0 1999999999.0 1999999999.0 1999999999.0 1999999999.0 1999999999.0 1999999999.0 1999999999.0 1999999999.0 1999999999.0 1999999999.0 1999999999.0 1999999999.0 1999999999.0 1999999999.0 1999999999.0 1999999999.0 1999999999.0 1999999999.0 1999999999.0 1999999999.0 1999999999.0 1999999999.0 1999999999.0 1999999999.0 1999999999.0 1999999999.0 1999999999.0 1999999999.0 1999999999.0 1999999999.0 1999999999.0 1999999999.0 1999999999.0 
1999999999.0 1999999999.0 1999999999.0 1999999999.0 1999999999.0 1999999999.0 1999999999.0 1999999999.0 1999999999.0 1999999999.0 1999999999.0 1999999999.0 1999999999.0 1999999999.0 1999999999.0 1999999999.0 x 1999999999.0 1999999999.0 1999999999.0 1999999999.0 1999999999.0 1999999999.0 1999999999.0 1999999999.0 1999999999.0 1999999999.0 1999999999.0 1999999999.0 1999999999.0 1999999999.0 1999999999.0 1999999999.0 1999999999.0 1999999999.0 1999999999.0 1999999999.0 1999999999.0 1999999999.0 1999999999.0 1999999999.0 1999999999.0 1999999999.0 1999999999.0 1999999999.0 1999999999.0 1999999999.0 1999999999.0 1999999999.0 1999999999.0 
1999999999.0 1999999999.0 1999999999.0 1999999999.0 1999999999.0 1999999999.0 1999999999.0 1999999999.0 1999999999.0 1999999999.0 1999999999.0 1999999999.0 1999999999.0 1999999999.0 1999999999.0 1999999999.0 1999999999.0 x 1999999999.0 1999999999.0 1999999999.0 1999999999.0 1999999999.0 1999999999.0 1999999999.0 1999999999.0 1999999999.0 1999999999.0 1999999999.0 1999999999.0 1999999999.0 1999999999.0 1999999999.0 1999999999.0 1999999999.0 1999999999.0 1999999999.0 1999999999.0 1999999999.0 1999999999.0 1999999999.0 1999999999.0 1999999999.0 1999999999.0 1999999999.0 1999999999.0 1999999999.0 1999999999.0 1999999999.0 1999999999.0 
1999999999.0 1999999999.0 1999999999.0 1999999999.0 1999999999.0 1999999999.0 1999999999.0 1999999999.0 1999999999.0 1999999999.0 1999999999.0 1999999999.0 1999999999.0 1999999999.0 1999999999.0 1999999999.0 1999999999.0 1999999999.0 x 1999999999.0 1999999999.0 1999999999.0 1999999999.0 1999999999.0 1999999999.0 1999999999.0 1999999999.0 1999999999.0 1999999999.0 1999999999.0 1999999999.0 1999999999.0 1999999999.0 1999999999.0 1999999999.0 1999999999.0 1999999999.0 1999999999.0 1999999999.0 1999999999.0 1999999999.0 1999999999.0 1999999999.0 1999999999.0 1999999999.0 1999999999.0 1999999999.0 1999999999.0 1999999999.0 1999999999.0 
1999999999.0 1999999999.0 1999999999.0 1999999999.0 1999999999.0 1999999999.0 1999999999.0 1999999999.0 1999999999.0 1999999999.0 1999999999.0 1999999999.0 1999999999.0 1999999999.0 1999999999.0 1999999999.0 1999999999.0 1999999999.0 1999999999.0 x 1999999999.0 1999999999.0 1999999999.0 1999999999.0 1999999999.0 1999999999.0 1999999999.0 1999999999.0 1999999999.0 1999999999.0 1999999999.0 1999999999.0 1999999999.0 1999999999.0 1999999999.0 1999999999.0 1999999999.0 1999999999.0 1999999999.0 1999999999.0 1999999999.0 1999999999.0 1999999999.0 1999999999.0 1999999999.0 1999999999.0 1999999999.0 1999999999.0 1999999999.0 1999999999.0 
1999999999.0 1999999999.0 1999999999.0 1999999999.0 1999999999.0 1999999999.0 1999999999.0 1999999999.0 1999999999.0 1999999999.0 1999999999.0 1999999999.0 1999999999.0 1999999999.0 1999999999.0 1999999999.0 1999999999.0 1999999999.0 1999999999.0 1999999999.0 x 1999999999.0 1999999999.0 1999999999.0 1999999999.0 1999999999.0 1999999999.0 1999999999.0 1999999999.0 1999999999.0 1999999999.0 1999999999.0 1999999999.0 1999999999.0 1999999999.0 1999999999.0 1999999999.0 1999999999.0 1999999999.0 1999999999.0 1999999999.0 1999999999.0 1999999999.0 1999999999.0 1999999999.0 1999999999.0 1999999999.0 1999999999.0 1999999999.0 1999999999.0 
1999999999.0 1999999999.0 1999999999.0 1999999999.0 1999999999.0 1999999999.0 1999999999.0 1999999999.0 1999999999.0 1999999999.0 1999999999.0 1999999999.0 1999999999.0 1999999999.0 1999999999.0 1999999999.0 1999999999.0 1999999999.0 1999999999.0 1999999999.0 1999999999.0 x 1999999999.0 1999999999.0 1999999999.0 1999999999.0 1999999999.0 1999999999.0 1999999999.0 1999999999.0 1999999999.0 1999999999.0 1999999999.0 1999999999.0 1999999999.0 1999999999.0 1999999999.0 1999999999.0 1999999999.0 1999999999.0 1999999999.0 1999999999.0 1999999999.0 1999999999.0 1999999999.0 1999999999.0 1999999999.0 1999999999.0 1999999999.0 1999999999.0 
1999999999.0 1999999999.0 1999999999.0 1999999999.0 1999999999.0 1999999999.0 1999999999.0 1999999999.0 1999999999.0 1999999999.0 1999999999.0 1999999999.0 1999999999.0 1999999999.0 1999999999.0 1999999999.0 1999999999.0 1999999999.0 1999999999.0 1999999999.0 1999999999.0 1999999999.0 x 1999999999.0 1999999999.0 1999999999.0 1999999999.0 1999999999.0 1999999999.0 1999999999.0 1999999999.0 1999999999.0 1999999999.0 1999999999.0 1999999999.0 1999999999.0 1999999999.0 1999999999.0 1999999999.0 1999999999.0 1999999999.0 1999999999.0 1999999999.0 1999999999.0 1999999999.0 1999999999.0 1999999999.0 1999999999.0 1999999999.0 1999999999.0 
1999999999.0 1999999999.0 1999999999.0 1999999999.0 1999999999.0 1999999999.0 1999999999.0 1999999999.0 1999999999.0 1999999999.0 1999999999.0 1999999999.0 1999999999.0 1999999999.0 1999999999.0 1999999999.0 1999999999.0 1999999999.0 1999999999.0 1999999999.0 1999999999.0 1999999999.0 1999999999.0 x 1999999999.0 1999999999.0 1999999999.0 1999999999.0 1999999999.0 1999999999.0 1999999999.0 1999999999.0 1999999999.0 1999999999.0 1999999999.0 1999999999.0 1999999999.0 1999999999.0 1999999999.0 1999999999.0 1999999999.0 1999999999.0 1999999999.0 1999999999.0 1999999999.0 1999999999.0 1999999999.0 1999999999.0 1999999999.0 1999999999.0 
1999999999.0 1999999999.0 1999999999.0 1999999999.0 1999999999.0 1999999999.0 1999999999.0 1999999999.0 1999999999.0 1999999999.0 1999999999.0 1999999999.0 1999999999.0 1999999999.0 1999999999.0 1999999999.0 1999999999.0 1999999999.0 1999999999.0 1999999999.0 1999999999.0 1999999999.0 1999999999.0 1999999999.0 x 1999999999.0 1999999999.0 1999999999.0 1999999999.0 1999999999.0 1999999999.0 1999999999.0 1999999999.0 1999999999.0 1999999999.0 1999999999.0 1999999999.0 1999999999.0 1999999999.0 1999999999.0 1999999999.0 1999999999.0 1999999999.0 1999999999.0 1999999999.0 1999999999.0 1999999999.0 1999999999.0 1999999999.0 1999999999.0 
1999999999.0 1999999999.0 1999999999.0 1999999999.0 1999999999.0 1999999999.0 1999999999.0 1999999999.0 1999999999.0 1999999999.0 1999999999.0 1999999999.0 1999999999.0 1999999999.0 1999999999.0 1999999999.0 1999999999.0 1999999999.0 1999999999.0 1999999999.0 1999999999.0 1999999999.0 1999999999.0 1999999999.0 1999999999.0 x 1999999999.0 1999999999.0 1999999999.0 1999999999.0 1999999999.0 1999999999.0 1999999999.0 1999999999.0 1999999999.0 1999999999.0 1999999999.0 1999999999.0 1999999999.0 1999999999.0 1999999999.0 1999999999.0 1999999999.0 1999999999.0 1999999999.0 1999999999.0 1999999999.0 1999999999.0 1999999999.0 1999999999.0 
1999999999.0 1999999999.0 1999999999.0 1999999999.0 1999999999.0 1999999999.0 1999999999.0 1999999999.0 1999999999.0 1999999999.0 1999999999.0 1999999999.0 1999999999.0 1999999999.0 1999999999.0 1999999999.0 1999999999.0 1999999999.0 1999999999.0 1999999999.0 1999999999.0 1999999999.0 1999999999.0 1999999999.0 1999999999.0 1999999999.0 x 1999999999.0 1999999999.0 1999999999.0 1999999999.0 1999999999.0 1999999999.0 1999999999.0 1999999999.0 1999999999.0 1999999999.0 1999999999.0 1999999999.0 1999999999.0 1999999999.0 1999999999.0 1999999999.0 1999999999.0 1999999999.0 1999999999.0 1999999999.0 1999999999.0 1999999999.0 1999999999.0 
1999999999.0 1999999999.0 1999999999.0 1999999999.0 1999999999.0 1999999999.0 1999999999.0 1999999999.0 1999999999.0 1999999999.0 1999999999.0 1999999999.0 1999999999.0 1999999999.0 1999999999.0 1999999999.0 1999999999.0 1999999999.0 1999999999.0 1999999999.0 1999999999.0 1999999999.0 1999999999.0 1999999999.0 1999999999.0 1999999999.0 1999999999.0 x 1999999999.0 1999999999.0 1999999999.0 1999999999.0 1999999999.0 1999999999.0 1999999999.0 1999999999.0 1999999999.0 1999999999.0 1999999999.0 1999999999.0 1999999999.0 1999999999.0 1999999999.0 1999999999.0 1999999999.0 1999999999.0 1999999999.0 1999999999.0 1999999999.0 1999999999.0 
1999999999.0 1999999999.0 1999999999.0 1999999999.0 1999999999.0 1999999999.0 1999999999.0 1999999999.0 1999999999.0 1999999999.0 1999999999.0 1999999999.0 1999999999.0 1999999999.0 1999999999.0 1999999999.0 1999999999.0 1999999999.0 1999999999.0 1999999999.0 1999999999.0 1999999999.0 1999999999.0 1999999999.0 1999999999.0 1999999999.0 1999999999.0 1999999999.0 x 1999999999.0 1999999999.0 1999999999.0 1999999999.0 1999999999.0 1999999999.0 1999999999.0 1999999999.0 1999999999.0 1999999999.0 1999999999.0 1999999999.0 1999999999.0 1999999999.0 1999999999.0 1999999999.0 1999999999.0 1999999999.0 1999999999.0 1999999999.0 1999999999.0 
1999999999.0 1999999999.0 1999999999.0 1999999999.0 1999999999.0 1999999999.0 1999999999.0 1999999999.0 1999999999.0 1999999999.0 1999999999.0 1999999999.0 1999999999.0 1999999999.0 1999999999.0 1999999999.0 1999999999.0 1999999999.0 1999999999.0 1999999999.0 1999999999.0 1999999999.0 1999999999.0 1999999999.0 1999999999.0 1999999999.0 1999999999.0 1999999999.0 1999999999.0 x 1999999999.0 1999999999.0 1999999999.0 1999999999.0 1999999999.0 1999999999.0 1999999999.0 1999999999.0 1999999999.0 1999999999.0 1999999999.0 1999999999.0 1999999999.0 1999999999.0 1999999999.0 1999999999.0 1999999999.0 1999999999.0 1999999999.0 1999999999.0 
1999999999.0 1999999999.0 1999999999.0 1999999999.0 1999999999.0 1999999999.0 1999999999.0 1999999999.0 1999999999.0 1999999999.0 1999999999.0 1999999999.0 1999999999.0 1999999999.0 1999999999.0 1999999999.0 1999999999.0 1999999999.0 1999999999.0 1999999999.0 1999999999.0 1999999999.0 1999999999.0 1999999999.0 1999999999.0 1999999999.0 1999999999.0 1999999999.0 1999999999.0 1999999999.0 x 1999999999.0 1999999999.0 1999999999.0 1999999999.0 1999999999.0 1999999999.0 1999999999.0 1999999999.0 1999999999.0 1999999999.0 1999999999.0 1999999999.0 1999999999.0 1999999999.0 1999999999.0 1999999999.0 1999999999.0 1999999999.0 1999999999.0 
1999999999.0 1999999999.0 1999999999.0 1999999999.0 1999999999.0 1999999999.0 1999999999.0 1999999999.0 1999999999.0 1999999999.0 1999999999.0 1999999999.0 1999999999.0 1999999999.0 1999999999.0 1999999999.0 1999999999.0 1999999999.0 1999999999.0 1999999999.0 1999999999.0 1999999999.0 1999999999.0 1999999999.0 1999999999.0 1999999999.0 1999999999.0 1999999999.0 1999999999.0 1999999999.0 1999999999.0 x 1999999999.0 1999999999.0 1999999999.0 1999999999.0 1999999999.0 1999999999.0 1999999999.0 1999999999.0 1999999999.0 1999999999.0 1999999999.0 1999999999.0 1999999999.0 1999999999.0 1999999999.0 1999999999.0 1999999999.0 1999999999.0 
1999999999.0 1999999999.0 1999999999.0 1999999999.0 1999999999.0 1999999999.0 1999999999.0 1999999999.0 1999999999.0 1999999999.0 1999999999.0 1999999999.0 1999999999.0 1999999999.0 1999999999.0 1999999999.0 1999999999.0 1999999999.0 1999999999.0 1999999999.0 1999999999.0 1999999999.0 1999999999.0 1999999999.0 1999999999.0 1999999999.0 1999999999.0 1999999999.0 1999999999.0 1999999999.0 1999999999.0 1999999999.0 x 1999999999.0 1999999999.0 1999999999.0 1999999999.0 1999999999.0 1999999999.0 1999999999.0 1999999999.0 1999999999.0 1999999999.0 1999999999.0 1999999999.0 1999999999.0 1999999999.0 1999999999.0 1999999999.0 1999999999.0 
1999999999.0 1999999999.0 1999999999.0 1999999999.0 1999999999.0 1999999999.0 1999999999.0 1999999999.0 1999999999.0 1999999999.0 1999999999.0 1999999999.0 1999999999.0 1999999999.0 1999999999.0 1999999999.0 1999999999.0 1999999999.0 1999999999.0 1999999999.0 1999999999.0 1999999999.0 1999999999.0 1999999999.0 1999999999.0 1999999999.0 1999999999.0 1999999999.0 1999999999.0 1999999999.0 1999999999.0 1999999999.0 1999999999.0 x 1999999999.0 1999999999.0 1999999999.0 1999999999.0 1999999999.0 1999999999.0 1999999999.0 1999999999.0 1999999999.0 1999999999.0 1999999999.0 1999999999.0 1999999999.0 1999999999.0 1999999999.0 1999999999.0 
1999999999.0 1999999999.0 1999999999.0 1999999999.0 1999999999.0 1999999999.0 1999999999.0 1999999999.0 1999999999.0 1999999999.0 1999999999.0 1999999999.0 1999999999.0 1999999999.0 1999999999.0 1999999999.0 1999999999.0 1999999999.0 1999999999.0 1999999999.0 1999999999.0 1999999999.0 1999999999.0 1999999999.0 1999999999.0 1999999999.0 1999999999.0 1999999999.0 1999999999.0 1999999999.0 1999999999.0 1999999999.0 1999999999.0 1999999999.0 x 1999999999.0 1999999999.0 1999999999.0 1999999999.0 1999999999.0 1999999999.0 1999999999.0 1999999999.0 1999999999.0 1999999999.0 1999999999.0 1999999999.0 1999999999.0 1999999999.0 1999999999.0 
1999999999.0 1999999999.0 1999999999.0 1999999999.0 1999999999.0 1999999999.0 1999999999.0 1999999999.0 1999999999.0 1999999999.0 1999999999.0 1999999999.0 1999999999.0 1999999999.0 1999999999.0 1999999999.0 1999999999.0 1999999999.0 1999999999.0 1999999999.0 1999999999.0 1999999999.0 1999999999.0 1999999999.0 1999999999.0 1999999999.0 1999999999.0 1999999999.0 1999999999.0 1999999999.0 1999999999.0 1999999999.0 1999999999.0 1999999999.0 1999999999.0 x 1999999999.0 1999999999.0 1999999999.0 1999999999.0 1999999999.0 1999999999.0 1999999999.0 1999999999.0 1999999999.0 1999999999.0 1999999999.0 1999999999.0 1999999999.0 1999999999.0 
1999999999.0 1999999999.0 1999999999.0 1999999999.0 1999999999.0 1999999999.0 1999999999.0 1999999999.0 1999999999.0 1999999999.0 1999999999.0 1999999999.0 1999999999.0 1999999999.0 1999999999.0 1999999999.0 1999999999.0 1999999999.0 1999999999.0 1999999999.0 1999999999.0 1999999999.0 1999999999.0 1999999999.0 1999999999.0 1999999999.0 1999999999.0 1999999999.0 1999999999.0 1999999999.0 1999999999.0 1999999999.0 1999999999.0 1999999999.0 1999999999.0 1999999999.0 x 1999999999.0 1999999999.0 1999999999.0 1999999999.0 1999999999.0 1999999999.0 1999999999.0 1999999999.0 1999999999.0 1999999999.0 1999999999.0 1999999999.0 1999999999.0 
1999999999.0 1999999999.0 1999999999.0 1999999999.0 1999999999.0 1999999999.0 1999999999.0 1999999999.0 1999999999.0 1999999999.0 1999999999.0 1999999999.0 1999999999.0 1999999999.0 1999999999.0 1999999999.0 1999999999.0 1999999999.0 1999999999.0 1999999999.0 1999999999.0 1999999999.0 1999999999.0 1999999999.0 1999999999.0 1999999999.0 1999999999.0 1999999999.0 1999999999.0 1999999999.0 1999999999.0 1999999999.0 1999999999.0 1999999999.0 1999999999.0 1999999999.0 1999999999.0 x 1999999999.0 1999999999.0 1999999999.0 1999999999.0 1999999999.0 1999999999.0 1999999999.0 1999999999.0 1999999999.0 1999999999.0 1999999999.0 1999999999.0 
1999999999.0 1999999999.0 1999999999.0 1999999999.0 1999999999.0 1999999999.0 1999999999.0 1999999999.0 1999999999.0 1999999999.0 1999999999.0 1999999999.0 1999999999.0 1999999999.0 1999999999.0 1999999999.0 1999999999.0 1999999999.0 1999999999.0 1999999999.0 1999999999.0 1999999999.0 1999999999.0 1999999999.0 1999999999.0 1999999999.0 1999999999.0 1999999999.0 1999999999.0 1999999999.0 1999999999.0 1999999999.0 1999999999.0 1999999999.0 1999999999.0 1999999999.0 1999999999.0 1999999999.0 x 1999999999.0 1999999999.0 1999999999.0 1999999999.0 1999999999.0 1999999999.0 1999999999.0 1999999999.0 1999999999.0 1999999999.0 1999999999.0 
1999999999.0 1999999999.0 1999999999.0 1999999999.0 1999999999.0 1999999999.0 1999999999.0 1999999999.0 1999999999.0 1999999999.0 1999999999.0 1999999999.0 1999999999.0 1999999999.0 1999999999.0 1999999999.0 1999999999.0 1999999999.0 1999999999.0 1999999999.0 1999999999.0 1999999999.0 1999999999.0 1999999999.0 1999999999.0 1999999999.0 1999999999.0 1999999999.0 1999999999.0 1999999999.0 1999999999.0 1999999999.0 1999999999.0 1999999999.0 1999999999.0 1999999999.0 1999999999.0 1999999999.0 1999999999.0 x 1999999999.0 1999999999.0 1999999999.0 1999999999.0 1999999999.0 1999999999.0 1999999999.0 1999999999.0 1999999999.0 1999999999.0 
1999999999.0 1999999999.0 1999999999.0 1999999999.0 1999999999.0 1999999999.0 1999999999.0 1999999999.0 1999999999.0 1999999999.0 1999999999.0 1999999999.0 1999999999.0 1999999999.0 1999999999.0 1999999999.0 1999999999.0 1999999999.0 1999999999.0 1999999999.0 1999999999.0 1999999999.0 1999999999.0 1999999999.0 1999999999.0 1999999999.0 1999999999.0 1999999999.0 1999999999.0 1999999999.0 1999999999.0 1999999999.0 1999999999.0 1999999999.0 1999999999.0 1999999999.0 1999999999.0 1999999999.0 1999999999.0 1999999999.0 x 1999999999.0 1999999999.0 1999999999.0 1999999999.0 1999999999.0 1999999999.0 1999999999.0 1999999999.0 1999999999.0 
1999999999.0 1999999999.0 1999999999.0 1999999999.0 1999999999.0 1999999999.0 1999999999.0 1999999999.0 1999999999.0 1999999999.0 1999999999.0 1999999999.0 1999999999.0 1999999999.0 1999999999.0 1999999999.0 1999999999.0 1999999999.0 1999999999.0 1999999999.0 1999999999.0 1999999999.0 1999999999.0 1999999999.0 1999999999.0 1999999999.0 1999999999.0 1999999999.0 1999999999.0 1999999999.0 1999999999.0 1999999999.0 1999999999.0 1999999999.0 1999999999.0 1999999999.0 1999999999.0 1999999999.0 1999999999.0 1999999999.0 1999999999.0 x 1999999999.0 1999999999.0 1999999999.0 1999999999.0 1999999999.0 1999999999.0 1999999999.0 1999999999.0 
1999999999.0 1999999999.0 1999999999.0 1999999999.0 1999999999.0 1999999999.0 1999999999.0 1999999999.0 1999999999.0 1999999999.0 1999999999.0 1999999999.0 1999999999.0 1999999999.0 1999999999.0 1999999999.0 1999999999.0 1999999999.0 1999999999.0 1999999999.0 1999999999.0 1999999999.0 1999999999.0 1999999999.0 1999999999.0 1999999999.0 1999999999.0 1999999999.0 1999999999.0 1999999999.0 1999999999.0 1999999999.0 1999999999.0 1999999999.0 1999999999.0 1999999999.0 1999999999.0 1999999999.0 1999999999.0 1999999999.0 1999999999.0 1999999999.0 x 1999999999.0 1999999999.0 1999999999.0 1999999999.0 1999999999.0 1999999999.0 1999999999.0 
1999999999.0 1999999999.0 1999999999.0 1999999999.0 1999999999.0 1999999999.0 1999999999.0 1999999999.0 1999999999.0 1999999999.0 1999999999.0 1999999999.0 1999999999.0 1999999999.0 1999999999.0 1999999999.0 1999999999.0 1999999999.0 1999999999.0 1999999999.0 1999999999.0 1999999999.0 1999999999.0 1999999999.0 1999999999.0 1999999999.0 1999999999.0 1999999999.0 1999999999.0 1999999999.0 1999999999.0 1999999999.0 1999999999.0 1999999999.0 1999999999.0 1999999999.0 1999999999.0 1999999999.0 1999999999.0 1999999999.0 1999999999.0 1999999999.0 1999999999.0 x 1999999999.0 1999999999.0 1999999999.0 1999999999.0 1999999999.0 1999999999.0 
1999999999.0 1999999999.0 1999999999.0 1999999999.0 1999999999.0 1999999999.0 1999999999.0 1999999999.0 1999999999.0 1999999999.0 1999999999.0 1999999999.0 1999999999.0 1999999999.0 1999999999.0 1999999999.0 1999999999.0 1999999999.0 1999999999.0 1999999999.0 1999999999.0 1999999999.0 1999999999.0 1999999999.0 1999999999.0 1999999999.0 1999999999.0 1999999999.0 1999999999.0 1999999999.0 1999999999.0 1999999999.0 1999999999.0 1999999999.0 1999999999.0 1999999999.0 1999999999.0 1999999999.0 1999999999.0 1999999999.0 1999999999.0 1999999999.0 1999999999.0 1999999999.0 x 1999999999.0 1999999999.0 1999999999.0 1999999999.0 1999999999.0 
1999999999.0 1999999999.0 1999999999.0 1999999999.0 1999999999.0 1999999999.0 1999999999.0 1999999999.0 1999999999.0 1999999999.0 1999999999.0 1999999999.0 1999999999.0 1999999999.0 1999999999.0 1999999999.0 1999999999.0 1999999999.0 1999999999.0 1999999999.0 1999999999.0 1999999999.0 1999999999.0 1999999999.0 1999999999.0 1999999999.0 1999999999.0 1999999999.0 1999999999.0 1999999999.0 1999999999.0 1999999999.0 1999999999.0 1999999999.0 1999999999.0 1999999999.0 1999999999.0 1999999999.0 1999999999.0 1999999999.0 1999999999.0 1999999999.0 1999999999.0 1999999999.0 1999999999.0 x 1999999999.0 1999999999.0 1999999999.0 1999999999.0 
1999999999.0 1999999999.0 1999999999.0 1999999999.0 1999999999.0 1999999999.0 1999999999.0 1999999999.0 1999999999.0 1999999999.0 1999999999.0 1999999999.0 1999999999.0 1999999999.0 1999999999.0 1999999999.0 1999999999.0 1999999999.0 1999999999.0 1999999999.0 1999999999.0 1999999999.0 1999999999.0 1999999999.0 1999999999.0 1999999999.0 1999999999.0 1999999999.0 1999999999.0 1999999999.0 1999999999.0 1999999999.0 1999999999.0 1999999999.0 1999999999.0 1999999999.0 1999999999.0 1999999999.0 1999999999.0 1999999999.0 1999999999.0 1999999999.0 1999999999.0 1999999999.0 1999999999.0 1999999999.0 x 1999999999.0 1999999999.0 1999999999.0 
1999999999.0 1999999999.0 1999999999.0 1999999999.0 1999999999.0 1999999999.0 1999999999.0 1999999999.0 1999999999.0 1999999999.0 1999999999.0 1999999999.0 1999999999.0 1999999999.0 1999999999.0 1999999999.0 1999999999.0 1999999999.0 1999999999.0 1999999999.0 1999999999.0 1999999999.0 1999999999.0 1999999999.0 1999999999.0 1999999999.0 1999999999.0 1999999999.0 1999999999.0 1999999999.0 1999999999.0 1999999999.0 1999999999.0 1999999999.0 1999999999.0 1999999999.0 1999999999.0 1999999999.0 1999999999.0 1999999999.0 1999999999.0 1999999999.0 1999999999.0 1999999999.0 1999999999.0 1999999999.0 1999999999.0 x 1999999999.0 1999999999.0 
1999999999.0 1999999999.0 1999999999.0 1999999999.0 1999999999.0 1999999999.0 1999999999.0 1999999999.0 1999999999.0 1999999999.0 1999999999.0 1999999999.0 1999999999.0 1999999999.0 1999999999.0 1999999999.0 1999999999.0 1999999999.0 1999999999.0 1999999999.0 1999999999.0 1999999999.0 1999999999.0 1999999999.0 1999999999.0 1999999999.0 1999999999.0 1999999999.0 1999999999.0 1999999999.0 1999999999.0 1999999999.0 1999999999.0 1999999999.0 1999999999.0 1999999999.0 1999999999.0 1999999999.0 1999999999.0 1999999999.0 1999999999.0 1999999999.0 1999999999.0 1999999999.0 1999999999.0 1999999999.0 1999999999.0 1999999999.0 x 1999999999.0 
1999999999.0 1999999999.0 1999999999.0 1999999999.0 1999999999.0 1999999999.0 1999999999.0 1999999999.0 1999999999.0 1999999999.0 1999999999.0 1999999999.0 1999999999.0 1999999999.0 1999999999.0 1999999999.0 1999999999.0 1999999999.0 1999999999.0 1999999999.0 1999999999.0 1999999999.0 1999999999.0 1999999999.0 1999999999.0 1999999999.0 1999999999.0 1999999999.0 1999999999.0 1999999999.0 1999999999.0 1999999999.0 1999999999.0 1999999999.0 1999999999.0 1999999999.0 1999999999.0 1999999999.0 1999999999.0 1999999999.0 1999999999.0 1999999999.0 1999999999.0 1999999999.0 1999999999.0 1999999999.0 1999999999.0 1999999999.0 1999999999.0 x 
