100
50
W_u_r_s_t_e_r B_a_r_r_o_w_s C_l_a_s_s D_w_i_n_e_l_l_e S_i_m_o_n L_a_n_s_i_n_g S_o_d_a M_i_s_s_o_u_r_i B_a_r_k_e_r H_i_l_g_a_r_d M_i_n_n_e_s_o_t_a A_n_n_a_p_o_l_i_s H_e_s_s_e V_i_s_i_t_o_r A_l_a_b_a_m_a M_o_n_t_g_o_m_e_r_y T_e_n_n_e_s_s_e_e K_l_e_e_b_e_r_g_e_r G_o_l_d_m_a_n M_o_s_e_s R_e_c_r_e_a_t_i_o_n_a_l C_a_l_i_f_o_r_n_i_a M_o_f_f_i_t_t B_l_a_c_k_w_e_l_l W_h_e_e_l_e_r B_o_s_t_o_n C_h_a_r_l_e_s_t_o_n I_n_d_i_a_n_a_p_o_l_i_s S_a_l_e_m B_r_a_i_n M_a_s_s_a_c_h_u_s_e_t_t_s S_p_i_e_k_e_r C_a_m_p_b_e_l_l E_v_a_n_s H_o_n_o_l_u_l_u H_a_s_t_e L_a_t_i_m_e_r S_t_a_d_i_u_m E_s_h_l_e_m_a_n M_a_d_i_s_o_n M_a_r_t_i_n D_e_s M_a_x_w_e_l_l D_o_n_n_e_r S_a_l_t O_p_t_o_m_e_t_r_y R_a_l_e_i_g_h J_u_n_e_a_u W_a_r_r_e_n O_b_s_e_r_v_a_t_o_r_y P_e_n_n_s_y_l_v_a_n_i_a J_a_c_o_b_s C_h_v_e_z B_a_n_c_r_o_f_t C_a_r_s_o_n H_a_r_t_f_o_r_d G_a_y_l_e_y B_a_t_o_n P_a_r_k_i_n_g V_e_r_m_o_n_t I_o_w_a M_cL_a_u_g_h_l_i_n F_r_a_n_k P_i_t_z_e_r L_i_f_e L_i_n_c_o_l_n D_e_n_v_e_r O_r_e_g_o_n S_t_a_n_l_e_y K_e_n_t_u_c_k_y H_a_z_a_r_d_o_u_s Z_e_l_l_e_r_b_a_c_h C_h_a_n I_n_s_e_c_t_a_r_y P_h_o_e_n_i_x A_l_u_m_n_i A_l_a_s_k_a L_e_w_i_s M_e_m_o_r_i_a_l O_h_i_o M_a_i_n_e C_a_m_p_a_n_i_l_e S_u_t_a_r_d_j_a I_d_a_h_o A_n_t_h_o_n_y S_i_m_p_s_o_n UC C_o_r_y G_i_l_m_a_n H_i_l_d_e_b_r_a_n_d P_r_o_v_i_d_e_n_c_e M_o_r_g_a_n S_a_t_h_e_r G_e_o_r_g_i_a F_l_o_r_i_d_a T_o_p_e_k_a N_o_r_t_h A_r_k_a_n_s_a_s N_e_v_a_d_a S_i_l_v_e_r
S_i_l_v_e_r B_o_s_t_o_n H_o_n_o_l_u_l_u A_l_a_b_a_m_a M_o_n_t_g_o_m_e_r_y C_a_l_i_f_o_r_n_i_a F_r_a_n_k H_a_z_a_r_d_o_u_s S_u_t_a_r_d_j_a R_e_c_r_e_a_t_i_o_n_a_l M_a_x_w_e_l_l S_a_t_h_e_r P_e_n_n_s_y_l_v_a_n_i_a V_i_s_i_t_o_r S_t_a_n_l_e_y M_a_s_s_a_c_h_u_s_e_t_t_s S_a_l_e_m H_i_l_g_a_r_d W_u_r_s_t_e_r V_e_r_m_o_n_t P_a_r_k_i_n_g O_p_t_o_m_e_t_r_y J_u_n_e_a_u C_l_a_s_s F_l_o_r_i_d_a R_a_l_e_i_g_h O_r_e_g_o_n S_i_m_p_s_o_n S_p_i_e_k_e_r N_o_r_t_h T_e_n_n_e_s_s_e_e N_e_v_a_d_a S_i_m_o_n M_o_s_e_s M_cL_a_u_g_h_l_i_n P_i_t_z_e_r H_e_s_s_e I_n_d_i_a_n_a_p_o_l_i_s K_l_e_e_b_e_r_g_e_r C_h_a_n C_o_r_y G_o_l_d_m_a_n G_i_l_m_a_n B_l_a_c_k_w_e_l_l A_n_t_h_o_n_y M_o_f_f_i_t_t B_a_r_r_o_w_s B_r_a_i_n I_d_a_h_o O_b_s_e_r_v_a_t_o_r_y
W_u_r_s_t_e_r
x 11 10 11 11 11 11 11 11 11 10 11 11 11 11 12 11 11 11 11 11 11 11 11 16 11 11 11 11 11 11 11 11 11 11 11 11 11 11 12 11 11 11 11 11 11 11 11 11 11 11 11 11 11 11 11 11 11 11 11 11 11 11 11 11 11 11 11 11 11 11 11 11 11 11 11 11 11 11 14 11 11 11 11 11 11 11 11 11 11 11 11 11 11 11 13 11 11 11 11
11 x 6 7 6 12 6 6 12 6 12 7 6 13 7 7 6 6 12 13 12 10 6 6 19 7 9 6 7 7 7 7 6 7 7 11 5 6 8 8 8 9 9 9 6 7 6 6 7 6 7 8 7 6 7 6 7 7 9 6 6 7 7 7 8 6 7 6 7 6 6 6 6 7 6 7 14 7 6 10 6 7 7 6 7 7 7 9 6 8 9 9 12 10 7 10 6 6 9 8
10 6 x 8 6 14 4 7 10 5 13 7 6 14 6 5 5 6 14 14 14 11 6 6 20 10 6 5 8 8 6 8 7 8 5 12 9 5 8 6 8 10 10 9 8 5 6 5 6 7 6 11 5 6 5 6 6 8 7 6 6 5 6 6 7 6 6 6 8 6 5 5 8 5 6 6 12 9 7 8 6 9 6 6 6 8 5 5 7 7 6 6 6 8 8 10 7 6 6 6
11 7 8 x 11 13 11 12 11 11 11 12 11 12 12 13 11 11 11 12 12 12 12 12 17 11 11 12 11 12 11 12 12 10 11 11 12 11 12 13 12 11 12 11 11 11 11 11 11 11 13 11 11 11 11 11 11 12 11 12 12 12 11 13 11 12 12 11 11 11 11 11 11 12 12 12 13 13 12 14 12 12 12 12 12 12 13 12 11 11 11 11 12 11 12 13 12 12 11 12
11 6 6 11 x 10 9 8 8 8 10 9 8 10 9 8 8 8 9 11 10 9 8 10 19 8 8 8 8 8 9 8 9 7 9 9 8 8 9 8 7 8 8 10 8 8 8 8 8 9 8 9 8 8 8 8 8 8 9 8 8 8 8 8 9 9 8 8 9 9 8 8 9 8 9 8 11 9 9 12 8 9 9 8 9 9 9 9 12 10 8 9 8 8 9 9 9 9 9 8
11 12 14 13 10 x 16 16 16 16 16 18 16 16 16 16 16 17 17 16 17 16 16 17 16 16 17 16 16 16 15 17 16 15 16 16 15 16 17 16 16 16 17 17 16 16 16 16 17 17 16 16 16 16 17 16 17 16 16 16 16 16 15 17 16 16 16 17 16 17 17 16 16 17 16 16 17 17 16 17 16 17 16 17 16 16 16 16 16 16 16 17 17 16 17 16 17 17 16 16
11 6 4 11 9 16 x 6 8 7 12 7 6 12 8 7 7 6 12 12 12 9 7 7 20 7 6 6 7 7 7 7 9 6 7 9 6 6 7 8 9 10 8 9 8 7 7 7 7 7 7 7 6 6 7 7 9 7 8 7 7 8 8 7 8 8 7 7 6 7 7 7 7 6 8 8 11 8 7 8 8 7 7 7 7 8 7 7 6 8 6 7 8 10 8 10 7 7 7 7
11 6 7 12 8 16 6 x 9 9 10 9 10 9 10 10 10 10 9 10 10 10 11 12 17 10 10 9 10 10 9 10 10 10 10 11 10 10 10 10 10 9 12 9 10 10 11 10 10 10 10 9 9 10 10 11 10 12 10 10 10 10 10 10 11 10 12 9 10 10 11 10 10 10 11 10 12 9 10 11 10 11 10 11 9 11 12 10 11 10 10 10 12 9 10 12 10 10 10 10
11 12 10 11 8 16 8 9 x 10 10 9 10 11 11 11 12 9 10 10 11 10 10 11 17 10 10 11 10 11 10 11 12 9 11 10 10 10 13 10 10 10 10 10 10 10 10 11 10 10 11 10 10 11 10 11 11 11 11 11 11 10 10 11 10 10 12 11 10 11 10 12 11 10 13 11 11 11 11 12 10 11 11 10 11 10 11 11 11 10 11 10 11 10 11 17 11 11 12 12
11 6 5 11 8 16 7 9 10 x 10 7 8 11 9 8 8 7 9 11 11 9 9 8 19 7 7 8 7 8 8 8 9 7 8 8 9 8 9 9 9 9 8 10 8 8 8 10 9 8 7 8 8 8 8 8 8 8 8 8 8 8 8 8 10 7 8 10 10 10 9 7 8 9 8 8 15 10 10 12 9 9 9 8 10 8 8 10 9 11 8 9 8 8 9 9 8 9 8 8
10 12 13 11 10 16 12 10 10 10 x 17 16 15 15 16 17 14 16 15 17 15 16 16 16 15 16 16 16 16 18 16 16 15 17 16 15 15 16 15 16 16 16 16 15 16 15 16 16 16 15 15 16 16 16 16 16 16 16 15 15 15 15 15 15 15 18 16 15 16 16 15 17 16 16 16 15 16 16 16 15 17 16 16 16 16 16 16 16 17 17 17 16 16 16 16 17 17 15 15
11 7 7 12 9 18 7 9 9 7 17 x 7 12 8 6 8 7 10 12 11 9 7 7 19 6 7 8 7 7 6 7 9 7 8 9 8 6 8 8 8 10 10 10 7 7 6 7 7 8 8 7 7 8 7 7 9 8 7 8 7 8 7 7 8 7 7 7 7 8 7 6 7 7 7 7 14 9 7 8 7 7 7 7 8 7 8 7 8 9 7 7 8 9 8 12 7 9 7 6
11 6 6 11 8 16 6 10 10 8 16 7 x 11 9 8 9 8 10 12 11 8 9 7 20 7 7 7 6 8 6 8 9 7 8 8 9 8 8 7 8 10 8 8 8 8 8 8 8 9 8 8 10 9 8 7 8 9 9 9 8 8 8 8 10 8 9 10 8 9 8 8 9 8 9 8 10 11 9 13 8 8 10 8 10 9 8 9 10 11 9 8 10 10 8 12 8 8 9 8
11 13 14 12 10 16 12 9 11 11 15 12 11 x 19 16 16 16 16 15 16 17 16 15 15 17 17 16 16 16 15 16 17 15 16 15 16 16 15 15 17 15 17 16 16 15 16 18 15 15 15 16 17 16 15 17 16 18 16 16 15 16 16 16 17 17 15 17 16 16 18 15 16 17 16 17 18 17 17 17 17 17 16 16 17 16 16 16 17 17 17 19 17 16 18 15 16 17 18 17
11 7 6 12 9 16 8 10 11 9 15 8 9 19 x 6 5 5 12 14 14 10 6 7 22 5 6 6 7 7 5 7 8 8 6 10 6 5 7 6 7 11 8 8 5 6 6 6 6 6 7 9 6 6 7 7 5 5 6 6 6 7 6 9 7 7 8 6 6 7 7 5 6 7 7 7 10 8 7 9 6 8 7 6 8 9 6 6 8 8 6 8 5 7 6 8 7 7 7 6
12 7 5 13 8 16 7 10 11 8 16 6 8 16 6 x 4 6 11 15 15 10 6 6 21 6 7 5 9 8 6 7 6 8 6 10 5 5 6 5 5 12 8 9 7 6 7 6 6 7 7 9 7 5 8 7 5 5 5 5 6 7 5 5 5 5 6 6 9 6 6 5 6 6 5 7 8 8 7 7 5 8 5 5 8 7 8 5 8 8 7 8 7 8 6 8 7 7 7 5
11 6 5 11 8 16 7 10 12 8 17 8 9 16 5 4 x 6 12 15 15 11 6 6 23 5 7 6 7 9 6 9 6 8 5 11 5 6 7 6 7 9 7 9 5 6 6 6 5 7 7 9 5 6 6 5 5 5 7 5 5 5 6 7 6 7 5 6 6 6 6 5 5 7 6 6 9 5 5 10 5 7 6 6 7 7 5 5 7 8 5 5 6 9 5 8 6 6 5 6
11 6 6 11 8 17 6 10 9 7 14 7 8 16 5 6 6 x 8 10 11 10 8 9 18 9 9 9 8 9 8 7 9 10 8 10 9 8 9 8 10 8 10 10 9 8 10 8 9 9 9 9 9 9 9 8 9 10 9 10 10 11 11 9 10 11 11 9 9 9 9 8 9 10 10 9 13 11 10 13 9 9 11 9 10 10 8 8 9 9 9 9 9 9 9 11 8 9 9 9
11 12 14 11 9 17 12 9 10 9 16 10 10 16 12 11 12 8 x 13 13 17 14 15 14 14 13 14 14 15 14 14 14 13 15 15 14 14 16 15 14 14 14 17 15 13 14 14 17 14 14 14 14 14 16 14 14 14 15 14 14 16 15 14 16 15 15 14 14 14 17 14 15 15 14 14 14 16 15 16 14 14 15 15 14 14 15 14 15 14 14 14 14 16 13 15 14 14 15 13
11 13 14 12 11 16 12 10 10 11 15 12 12 15 14 15 15 10 13 x 16 15 18 18 17 15 15 16 14 15 15 16 17 16 15 17 17 17 19 17 16 15 16 16 14 16 16 16 17 16 17 18 17 17 16 18 16 17 18 16 16 17 16 17 17 18 16 16 17 17 16 16 16 18 18 19 17 17 19 18 17 16 16 19 17 16 16 16 17 19 17 16 17 17 16 18 17 16 17 16
11 12 14 12 10 17 12 10 11 11 17 11 11 16 14 15 15 11 13 16 x 12 12 15 12 12 15 12 10 13 13 13 17 13 14 14 12 13 14 12 12 14 16 13 15 13 14 13 14 13 13 14 13 13 14 13 13 15 13 13 14 16 14 14 14 15 13 14 13 17 14 14 14 13 13 13 13 19 15 16 14 13 16 13 15 14 13 14 14 15 15 13 13 16 14 15 14 14 15 13
11 10 11 12 9 16 9 10 10 9 15 9 8 17 10 10 11 10 17 15 12 x 13 13 15 12 12 13 12 15 12 13 12 12 12 14 12 13 13 15 14 12 13 12 11 13 13 13 13 14 13 13 12 14 13 13 13 13 13 15 13 16 13 13 12 13 14 13 13 14 14 12 12 14 13 13 14 13 13 16 13 12 12 13 12 14 14 14 13 16 12 13 14 13 13 13 13 13 14 12
11 6 6 12 8 16 7 11 10 9 16 7 9 16 6 6 6 8 14 18 12 13 x 8 19 9 9 8 7 7 9 7 9 7 7 9 9 8 8 7 8 9 8 7 7 8 8 8 7 11 9 8 8 10 8 9 9 10 9 8 9 9 7 7 8 10 8 8 10 8 10 8 10 9 10 8 9 9 8 9 9 11 8 10 7 9 8 9 9 9 8 7 8 9 9 11 8 8 10 8
11 6 6 12 10 17 7 12 11 8 16 7 7 15 7 6 6 9 15 18 15 13 8 x 19 8 6 7 8 8 8 8 8 8 7 10 7 8 7 9 6 9 10 9 6 6 7 7 7 7 8 10 7 8 7 7 7 7 6 7 7 6 7 7 7 7 8 7 9 8 7 7 9 7 7 7 14 7 8 9 7 7 7 9 6 9 6 7 9 7 7 7 7 10 7 10 7 8 7 8
16 19 20 17 19 16 20 17 17 19 16 19 20 15 22 21 23 18 14 17 12 15 19 19 x 19 23 21 19 21 20 22 21 20 20 19 21 21 22 20 23 19 22 19 20 22 22 20 22 23 21 22 22 21 21 21 21 23 21 20 23 22 23 25 23 20 21 24 22 22 21 23 21 22 21 21 20 21 22 27 21 23 23 23 25 20 23 24 21 20 22 23 22 20 23 24 20 22 22 22
11 7 10 11 8 16 7 10 10 7 15 6 7 17 5 6 5 9 14 15 12 12 9 8 19 x 7 7 6 7 8 7 7 7 7 8 7 9 9 9 7 11 11 10 7 7 7 9 10 8 8 8 7 8 7 8 9 8 7 8 8 7 9 8 6 8 8 9 7 7 9 10 9 9 8 8 10 8 8 9 9 8 7 9 8 8 7 9 8 8 9 9 8 7 8 7 7 9 8 8
11 9 6 11 8 17 6 10 10 7 16 7 7 17 6 7 7 9 13 15 15 12 9 6 23 7 x 8 6 8 11 8 10 6 9 8 8 7 7 6 7 9 9 7 6 7 7 9 6 9 8 7 7 8 9 7 6 8 9 7 7 7 8 7 7 7 9 8 11 7 8 8 7 7 7 9 8 9 7 8 7 7 7 7 5 8 7 8 8 6 8 10 8 6 7 12 7 8 7 9
11 6 5 12 8 16 6 9 11 8 16 8 7 16 6 5 6 9 14 16 12 13 8 7 21 7 8 x 7 8 7 7 9 6 7 10 5 7 7 7 5 12 10 9 6 7 8 7 7 6 6 7 7 7 7 7 9 7 9 7 7 8 9 7 6 7 7 7 10 8 8 7 9 7 7 7 8 10 8 8 7 7 8 7 8 7 7 7 6 6 8 6 7 6 8 8 7 7 10 8
11 7 8 11 8 16 7 10 10 7 16 7 6 16 7 9 7 8 14 14 10 12 7 8 19 6 6 7 x 9 8 9 13 12 9 10 10 11 10 12 8 8 11 10 11 9 11 10 9 12 10 11 12 11 9 10 10 11 10 11 11 10 12 12 9 8 10 11 10 12 8 9 10 10 11 10 8 10 12 12 10 9 13 10 9 11 10 9 10 11 11 9 10 10 10 8 10 11 11 11
11 7 8 12 8 16 7 10 11 8 16 7 8 16 7 8 9 9 15 15 13 15 7 8 21 7 8 8 9 x 10 10 10 8 10 10 9 12 12 11 10 9 9 10 10 11 9 10 10 11 13 11 10 10 11 13 11 11 10 10 10 13 10 10 8 11 10 10 10 11 11 10 10 12 10 10 9 10 10 11 10 11 11 10 9 10 11 11 12 10 10 10 12 11 11 10 11 10 9 10
11 7 6 11 9 15 7 9 10 8 18 6 6 15 5 6 6 8 14 15 13 12 9 8 20 8 11 7 8 10 x 11 7 7 7 9 7 7 9 8 9 7 8 11 8 6 8 8 8 9 8 8 8 7 7 6 9 7 7 9 7 6 7 7 9 8 7 10 7 9 8 9 8 7 9 7 12 8 9 9 8 10 6 7 8 7 10 7 10 5 7 9 8 6 10 10 10 9 9 8
11 7 8 12 8 17 7 10 11 8 16 7 8 16 7 7 9 7 14 16 13 13 7 8 22 7 8 7 9 10 11 x 8 13 10 10 9 10 8 9 10 9 10 8 10 10 9 11 11 12 10 10 10 11 10 10 10 10 10 11 11 11 9 9 8 10 11 12 11 11 9 12 10 13 12 11 12 10 10 11 11 9 12 10 11 9 10 11 9 10 10 11 10 10 10 9 12 11 11 11
11 6 7 12 9 16 9 10 12 9 16 9 9 17 8 6 6 9 14 17 17 12 9 8 21 7 10 9 13 10 7 8 x 8 9 8 7 9 8 6 7 8 8 7 9 9 7 8 6 10 9 8 9 9 6 8 10 8 9 8 10 7 8 8 9 9 7 9 8 9 8 8 7 11 7 8 11 9 8 8 9 7 7 8 7 8 7 7 8 8 8 9 9 7 7 8 6 11 8 9
11 7 8 10 7 15 6 10 9 7 15 7 7 15 8 8 8 10 13 16 13 12 7 8 20 7 6 6 12 8 7 13 8 x 10 10 10 11 9 9 10 11 11 9 11 11 12 10 10 10 11 11 9 11 10 11 12 13 10 11 10 12 9 10 9 10 13 13 12 10 12 10 11 10 13 11 9 10 12 12 12 11 9 11 9 10 10 11 11 10 11 10 11 9 13 9 11 12 11 12
11 7 5 11 9 16 7 10 11 8 17 8 8 16 6 6 5 8 15 15 14 12 7 7 20 7 9 7 9 10 7 10 9 10 x 10 8 5 8 5 5 7 8 9 6 8 7 9 6 6 6 10 6 6 5 5 6 7 6 7 6 7 5 5 9 6 6 7 6 7 6 5 6 8 6 9 8 6 7 7 6 7 8 6 7 8 7 7 8 7 7 6 6 5 6 6 7 7 5 7
11 11 12 11 9 16 9 11 10 8 16 9 8 15 10 10 11 10 15 17 14 14 9 10 19 8 8 10 10 10 9 10 8 10 10 x 12 10 10 11 11 10 16 14 12 11 12 13 13 12 11 11 12 12 12 12 12 13 10 11 13 11 12 12 10 12 10 14 11 13 12 10 12 11 12 16 11 12 12 14 12 11 11 12 10 12 12 11 12 11 11 12 14 10 11 12 14 11 12 12
11 5 9 12 8 15 6 10 10 9 15 8 9 16 6 5 5 9 14 17 12 12 9 7 21 7 8 5 10 9 7 9 7 10 8 12 x 6 7 5 6 10 7 11 8 6 5 8 6 5 6 8 7 6 6 9 6 7 6 5 7 8 5 6 7 7 6 7 6 5 7 6 9 6 6 8 9 8 8 7 6 10 6 8 8 7 6 7 8 8 7 7 7 6 6 9 6 7 8 7
11 6 5 11 8 16 6 10 10 8 15 6 8 16 5 5 6 8 14 17 13 13 8 8 21 9 7 7 11 12 7 10 9 11 5 10 6 x 7 6 7 7 8 9 7 5 7 6 9 6 7 7 7 6 7 6 6 6 8 6 9 8 5 7 7 8 8 6 8 8 8 7 9 8 7 7 9 10 7 7 7 9 9 6 8 8 6 7 8 6 7 8 6 9 6 8 5 7 6 8
11 8 8 12 9 17 7 10 13 9 16 8 8 15 7 6 7 9 16 19 14 13 8 7 22 9 7 7 10 12 9 8 8 9 8 10 7 7 x 6 6 9 8 9 7 6 6 6 7 9 10 7 6 10 6 6 9 7 6 9 9 7 6 6 7 6 7 7 6 7 6 6 7 10 7 7 8 8 8 9 9 7 6 7 6 10 7 8 7 8 7 7 7 6 7 7 6 7 9 9
12 8 6 13 8 16 8 10 10 9 15 8 7 15 6 5 6 8 15 17 12 15 7 9 20 9 6 7 12 11 8 9 6 9 5 11 5 6 6 x 6 9 6 8 6 9 7 6 6 7 7 8 6 7 6 6 6 8 9 8 6 6 7 5 6 8 6 6 9 6 6 7 6 8 6 8 9 7 8 8 6 6 7 9 8 7 7 7 7 6 7 6 7 9 6 8 6 7 7 9
11 8 8 12 7 16 9 10 10 9 16 8 8 17 7 5 7 10 14 16 12 14 8 6 23 7 7 5 8 10 9 10 7 10 5 11 6 7 6 6 x 11 6 9 7 6 6 6 9 7 9 9 9 9 7 6 7 8 6 7 8 7 6 8 6 6 7 9 7 6 6 6 6 6 7 6 8 7 10 10 9 8 9 7 9 8 6 6 6 7 7 8 7 6 8 7 6 7 7 8
11 9 10 11 8 16 10 9 10 9 16 10 10 15 11 12 9 8 14 15 14 12 9 9 19 11 9 12 8 9 7 9 8 11 7 10 10 7 9 9 11 x 8 10 10 10 9 8 9 10 8 10 8 12 9 9 10 9 9 9 11 10 11 10 12 9 11 9 10 11 12 11 9 11 8 9 8 10 9 10 10 12 13 11 10 10 11 13 10 10 9 10 10 8 9 8 10 11 9 11
11 9 10 12 8 17 8 12 10 8 16 10 8 17 8 8 7 10 14 16 16 13 8 10 22 11 9 10 11 9 8 10 8 11 8 16 7 8 8 6 6 8 x 12 8 11 10 9 10 8 10 8 10 12 9 11 9 11 8 10 10 9 11 10 9 8 10 10 13 11 10 9 10 8 10 10 12 12 9 9 11 10 9 13 8 9 10 11 11 10 10 9 10 10 10 8 12 10 10 13
11 9 9 11 10 17 9 9 10 10 16 10 8 16 8 9 9 10 17 16 13 12 7 9 19 10 7 9 10 10 11 8 7 9 9 14 11 9 9 8 9 10 12 x 11 10 12 10 12 14 10 10 10 14 10 13 13 11 13 11 10 11 13 10 10 14 11 10 10 11 10 13 9 13 11 10 11 11 10 14 13 11 10 11 10 13 10 11 13 11 10 11 12 10 12 10 10 13 10 11
11 6 8 11 8 16 8 10 10 8 15 7 8 16 5 7 5 9 15 14 15 11 7 6 20 7 6 6 11 10 8 10 9 11 6 12 8 7 7 6 7 10 8 11 x 6 6 5 9 10 8 7 6 6 5 8 7 8 5 9 8 9 7 6 6 6 9 6 7 6 8 9 6 6 8 7 12 8 7 8 7 7 6 8 6 8 6 6 9 9 7 7 8 7 7 7 6 9 8 11
11 7 5 11 8 16 7 10 10 8 16 7 8 15 6 6 6 8 13 16 13 13 8 6 22 7 7 7 9 11 6 10 9 11 8 11 6 5 6 9 6 10 11 10 6 x 6 7 6 7 8 7 6 7 6 7 6 7 11 6 9 5 8 8 6 6 7 7 6 6 7 7 9 7 8 7 8 6 7 6 7 8 6 10 7 8 7 7 6 7 9 10 6 6 6 8 7 6 7 7
11 6 6 11 8 16 7 11 10 8 15 6 8 16 6 7 6 10 14 16 14 13 8 7 22 7 7 8 11 9 8 9 7 12 7 12 5 7 6 7 6 9 10 12 6 6 x 5 7 6 6 8 6 8 5 7 6 7 7 6 6 8 5 9 7 5 5 5 9 6 8 7 9 6 7 6 9 7 6 6 5 8 5 6 6 7 7 6 7 7 7 6 9 7 6 7 8 5 6 8
11 6 5 11 8 16 7 10 11 10 16 7 8 18 6 6 6 8 14 16 13 13 8 7 20 9 9 7 10 10 8 11 8 10 9 13 8 6 6 6 6 8 9 10 5 7 5 x 6 8 7 9 5 8 7 7 6 8 5 7 7 5 5 6 5 7 7 8 7 5 6 5 10 5 6 5 11 7 7 7 6 8 8 4 6 9 6 8 9 7 6 7 8 6 7 7 6 6 5 9
11 7 6 11 8 17 7 10 10 9 16 7 8 15 6 6 5 9 17 17 14 13 7 7 22 10 6 7 9 10 8 11 6 10 6 13 6 9 7 6 9 9 10 12 9 6 7 6 x 8 6 7 6 7 6 7 8 7 7 7 6 6 6 7 5 7 7 5 7 9 8 10 7 6 7 6 8 6 6 7 8 8 8 6 5 8 7 8 5 6 9 8 6 6 6 8 8 6 8 5
11 6 7 11 9 17 7 10 10 8 16 8 9 15 6 7 7 9 14 16 13 14 11 7 23 8 9 6 12 11 9 12 10 10 6 12 5 6 9 7 7 10 8 14 10 7 6 8 8 x 10 9 9 6 7 11 10 8 6 9 7 6 7 7 8 7 7 9 10 8 10 7 9 7 9 8 8 8 10 8 9 7 8 6 7 7 9 9 9 10 8 12 7 8 10 7 7 8 7 8
11 7 6 13 8 16 7 10 11 7 15 8 8 15 7 7 7 9 14 17 13 13 9 8 21 8 8 6 10 13 8 10 9 11 6 11 6 7 10 7 9 8 10 10 8 8 6 7 6 10 x 12 7 8 7 9 7 10 12 10 8 7 7 10 8 7 8 7 9 8 8 7 7 8 9 9 11 9 6 8 8 8 8 8 8 10 8 9 7 9 9 8 12 7 9 7 10 9 8 7
11 8 11 11 9 16 7 9 10 8 15 7 8 16 9 9 9 9 14 18 14 13 8 10 22 8 7 7 11 11 8 10 8 11 10 11 8 7 7 8 9 10 8 10 7 7 8 9 7 9 12 x 12 11 11 11 9 11 9 10 11 8 11 11 11 9 8 12 9 11 10 13 8 12 13 10 8 9 10 10 11 10 9 9 8 14 9 11 12 11 12 10 11 12 10 8 10 10 12 12
11 7 5 11 8 16 6 9 10 8 16 7 10 17 6 7 5 9 14 17 13 12 8 7 22 7 7 7 12 10 8 10 9 9 6 12 7 7 6 6 9 8 10 10 6 6 6 5 6 9 7 12 x 6 7 7 6 7 7 5 8 6 7 5 5 7 6 6 11 5 6 5 6 6 5 5 8 6 6 7 6 8 5 8 7 10 7 8 5 5 6 5 7 5 5 7 6 6 7 6
11 6 6 11 8 16 6 10 11 8 16 8 9 16 6 5 6 9 14 17 13 14 10 8 21 8 8 7 11 10 7 11 9 11 6 12 6 6 10 7 9 12 12 14 6 7 8 8 7 6 8 11 6 x 6 6 6 6 5 6 5 8 9 7 6 7 7 6 8 5 7 5 8 5 9 6 10 6 7 9 8 8 9 10 8 8 10 7 9 6 6 6 6 8 9 6 7 8 8 5
11 7 5 11 8 17 7 10 10 8 16 7 8 15 7 8 6 9 16 16 14 13 8 7 21 7 9 7 9 11 7 10 6 10 5 12 6 7 6 6 7 9 9 10 5 6 5 7 6 7 7 11 7 6 x 6 10 5 7 6 5 7 8 8 7 6 7 5 10 5 6 5 6 6 8 6 12 8 6 7 5 10 6 5 7 6 6 5 6 6 6 7 6 5 6 10 8 6 5 8
11 6 6 11 8 16 7 11 11 8 16 7 7 17 7 7 5 8 14 18 13 13 9 7 21 8 7 7 10 13 6 10 8 11 5 12 9 6 6 6 6 9 11 13 8 7 7 7 7 11 9 11 7 6 6 x 7 6 5 9 7 8 5 6 6 11 8 5 6 8 7 8 6 7 6 6 9 6 7 7 8 7 7 8 7 7 6 7 5 8 6 8 6 7 6 6 7 7 7 6
11 7 6 11 8 17 9 10 11 8 16 9 8 16 5 5 5 9 14 16 13 13 9 7 21 9 6 9 10 11 9 10 10 12 6 12 6 6 9 6 7 10 9 13 7 6 6 6 8 10 7 9 6 6 10 7 x 6 6 7 6 9 4 5 6 6 7 6 8 6 6 5 5 7 7 5 8 7 10 7 7 5 5 7 7 8 6 5 7 5 7 7 6 7 8 7 4 9 7 7
11 7 8 12 8 16 7 12 11 8 16 8 9 18 5 5 5 10 14 17 15 13 10 7 23 8 8 7 11 11 7 10 8 13 7 13 7 6 7 8 8 9 11 11 8 7 7 8 7 8 10 11 7 6 5 6 6 x 6 6 6 4 4 4 6 6 8 8 10 5 4 5 6 6 6 6 8 5 7 5 5 7 6 7 8 6 5 6 5 5 5 6 6 6 5 7 5 7 5 5
11 9 7 11 9 16 8 10 11 8 16 7 9 16 6 5 7 9 15 18 13 13 9 6 21 7 9 9 10 10 7 10 9 10 6 10 6 8 6 9 6 9 8 13 5 11 7 5 7 6 12 9 7 5 7 5 6 6 x 8 8 6 6 6 7 10 6 7 10 5 6 5 6 7 9 6 9 9 6 6 8 7 6 6 7 11 6 9 6 8 5 10 9 7 6 7 6 6 8 7
11 6 6 12 8 16 7 10 11 8 15 8 9 16 6 5 5 10 14 16 13 15 8 7 20 8 7 7 11 10 9 11 8 11 7 11 5 6 9 8 7 9 10 11 9 6 6 7 7 9 10 10 5 6 6 9 7 6 8 x 5 7 5 5 7 5 6 6 7 8 6 5 7 6 5 6 10 9 6 8 5 9 5 5 6 5 7 8 5 9 5 6 6 6 5 6 6 8 5 6
11 6 6 12 8 16 7 10 11 8 15 7 8 15 6 6 5 10 14 16 14 13 9 7 23 8 7 7 11 10 7 11 10 10 6 13 7 9 9 6 8 11 10 10 8 9 6 7 6 7 8 11 8 5 5 7 6 6 8 5 x 7 5 8 5 6 8 8 8 9 9 5 7 7 6 6 8 6 6 6 5 6 5 6 8 6 6 8 5 6 7 7 6 6 7 7 5 5 6 6
11 7 5 12 8 16 8 10 10 8 15 8 8 16 7 7 5 11 16 17 16 16 9 6 22 7 7 8 10 13 6 11 7 12 7 11 8 8 7 6 7 10 9 11 9 5 8 5 6 6 7 8 6 8 7 8 9 4 6 7 7 x 7 4 6 5 6 5 9 6 6 5 8 6 5 5 11 7 8 5 7 6 6 7 9 6 4 5 5 4 6 7 7 6 5 8 7 7 5 5
11 7 6 11 8 15 8 10 10 8 15 7 8 16 6 5 6 11 15 16 14 13 7 7 23 9 8 9 12 10 7 9 8 9 5 12 5 5 6 7 6 11 11 13 7 8 5 5 6 7 7 11 7 9 8 5 4 4 6 5 5 7 x 5 6 8 4 5 8 5 5 5 7 6 5 5 8 6 6 5 4 6 4 7 6 6 5 5 5 5 6 8 8 5 5 8 5 7 6 5
11 7 6 13 8 17 7 10 11 8 15 7 8 16 9 5 7 9 14 17 14 13 7 7 25 8 7 7 12 10 7 9 8 10 5 12 6 7 6 5 8 10 10 10 6 8 9 6 7 7 10 11 5 7 8 6 5 4 6 5 8 4 5 x 5 6 4 7 8 6 5 6 6 8 6 6 9 7 6 8 5 8 5 8 7 6 5 4 5 5 7 6 6 7 6 9 5 8 6 7
11 8 7 11 9 16 8 11 10 10 15 8 10 17 7 5 6 10 16 17 14 12 8 7 23 6 7 6 9 8 9 8 9 9 9 10 7 7 7 6 6 12 9 10 6 6 7 5 5 8 8 11 5 6 7 6 6 6 7 7 5 6 6 5 x 6 6 7 7 7 7 9 11 6 8 7 8 6 7 7 6 8 8 5 8 9 6 6 6 6 7 7 6 7 7 9 6 6 5 8
11 6 6 12 9 16 8 10 10 7 15 7 8 17 7 5 7 11 15 18 15 13 10 7 20 8 7 7 8 11 8 10 9 10 6 12 7 8 6 8 6 9 8 14 6 6 5 7 7 7 7 9 7 7 6 11 6 6 10 5 6 5 8 6 6 x 8 7 9 7 5 6 5 4 7 8 9 8 10 10 7 8 8 9 9 8 7 7 7 7 6 6 7 6 7 8 7 9 8 7
11 7 6 12 8 16 7 12 12 8 18 7 9 15 8 6 5 11 15 16 13 14 8 8 21 8 9 7 10 10 7 11 7 13 6 10 6 8 7 6 7 11 10 11 9 7 5 7 7 7 8 8 6 7 7 8 7 8 6 6 8 6 4 4 6 8 x 9 11 6 7 7 6 5 8 7 11 8 6 7 7 6 6 8 8 6 5 6 7 7 5 7 7 6 9 7 9 7 6 5
11 6 6 11 8 17 7 9 11 10 16 7 10 17 6 6 6 9 14 16 14 13 8 7 24 9 8 7 11 10 10 12 9 13 7 14 7 6 7 6 9 9 10 10 6 7 5 8 5 9 7 12 6 6 5 5 6 8 7 6 8 5 5 7 7 7 9 x 7 6 7 6 5 7 8 5 11 7 9 7 5 7 7 7 5 5 5 6 6 6 5 10 8 7 6 9 5 7 5 9
11 7 8 11 9 16 6 10 10 10 15 7 8 16 6 9 6 9 14 17 13 13 10 9 22 7 11 10 10 10 7 11 8 12 6 11 6 8 6 9 7 10 13 10 7 6 9 7 7 10 9 9 11 8 10 6 8 10 10 7 8 9 8 8 7 9 11 7 x 8 12 9 7 8 8 9 11 10 9 10 7 13 8 7 8 6 9 10 7 12 9 9 9 9 9 7 8 10 10 10
11 6 6 11 9 17 7 10 11 10 16 8 9 16 7 6 6 9 14 17 17 14 8 8 22 7 7 8 12 11 9 11 9 10 7 13 5 8 7 6 6 11 11 11 6 6 6 5 9 8 8 11 5 5 5 8 6 5 5 8 9 6 5 6 7 7 6 6 8 x 9 5 5 6 7 6 10 6 6 6 6 6 5 6 6 6 6 5 5 6 5 5 6 9 6 7 5 5 5 5
11 6 5 11 8 17 7 11 10 9 16 7 8 18 7 6 6 9 17 16 14 14 10 7 21 9 8 8 8 11 8 9 8 12 6 12 7 8 6 6 6 12 10 10 8 7 8 6 8 10 8 10 6 7 6 7 6 4 6 6 9 6 5 5 7 5 7 7 12 9 x 5 7 6 8 7 9 6 6 8 6 11 6 7 6 6 7 7 5 7 7 6 6 8 6 7 6 5 5 6
11 6 5 11 8 16 7 10 12 7 15 6 8 15 5 5 5 8 14 16 14 12 8 7 23 10 8 7 9 10 9 12 8 10 5 10 6 7 6 7 6 11 9 13 9 7 7 5 10 7 7 13 5 5 5 8 5 5 5 5 5 5 5 6 9 6 7 6 9 5 5 x 9 6 7 8 8 6 10 8 6 6 8 7 6 6 7 7 5 4 6 7 6 5 8 7 7 7 9 6
11 6 8 11 9 16 7 10 11 8 17 7 9 16 6 6 5 9 15 16 14 12 10 9 21 9 7 9 10 10 8 10 7 11 6 12 9 9 7 6 6 9 10 9 6 9 9 10 7 9 7 8 6 8 6 6 5 6 6 7 7 8 7 6 11 5 6 5 7 5 7 9 x 5 6 6 9 8 10 6 5 7 6 8 6 8 6 8 7 5 6 5 8 5 6 7 5 5 7 8
11 7 5 12 8 17 6 10 10 9 16 7 8 17 7 6 7 10 15 18 13 14 9 7 22 9 7 7 10 12 7 13 11 10 8 11 6 8 10 8 6 11 8 13 6 7 6 5 6 7 8 12 6 5 6 7 7 6 7 6 7 6 6 8 6 4 5 7 8 6 6 6 5 x 8 10 9 6 7 6 7 8 5 9 8 7 6 5 6 5 5 7 5 7 9 7 8 6 6 7
11 6 6 12 9 16 8 11 13 8 16 7 9 16 7 5 6 10 14 18 13 13 10 7 21 8 7 7 11 10 9 12 7 13 6 12 6 7 7 6 7 8 10 11 8 8 7 6 7 9 9 13 5 9 8 6 7 6 9 5 6 5 5 6 8 7 8 8 8 7 8 7 6 8 x 6 10 6 5 7 7 6 5 8 6 7 8 8 4 6 8 7 8 6 4 7 5 11 8 5
11 7 6 12 8 16 8 10 11 8 16 7 8 17 7 7 6 9 14 19 13 13 8 7 21 8 9 7 10 10 7 11 8 11 9 16 8 7 7 8 6 9 10 10 7 7 6 5 6 8 9 10 5 6 6 6 5 6 6 6 6 5 5 6 7 8 7 5 9 6 7 8 6 10 6 x 10 6 5 7 7 8 5 5 7 6 6 6 7 6 10 6 8 6 6 6 7 6 5 5
11 14 12 13 11 17 11 12 11 15 15 14 10 18 10 8 9 13 14 17 13 14 9 14 20 10 8 8 8 9 12 12 11 9 8 11 9 9 8 9 8 8 12 11 12 8 9 11 8 8 11 8 8 10 12 9 8 8 9 10 8 11 8 9 8 9 11 11 11 10 9 8 9 9 10 10 x 8 9 8 9 13 10 9 8 10 12 8 13 9 10 8 10 10 10 11 9 8 9 10
11 7 9 13 9 17 8 9 11 10 16 9 11 17 8 8 5 11 16 17 19 13 9 7 21 8 9 10 10 10 8 10 9 10 6 12 8 10 8 7 7 10 12 11 8 6 7 7 6 8 9 9 6 6 8 6 7 5 9 9 6 7 6 7 6 8 8 7 10 6 6 6 8 6 6 6 8 x 6 7 6 6 7 7 6 6 6 5 6 5 5 7 8 9 6 7 6 6 5 8
11 6 7 12 9 16 7 10 11 10 16 7 9 17 7 7 5 10 15 19 15 13 8 8 22 8 7 8 12 10 9 10 8 12 7 12 8 7 8 8 10 9 9 10 7 7 6 7 6 10 6 10 6 7 6 7 10 7 6 6 6 8 6 6 7 10 6 9 9 6 6 10 10 7 5 5 9 6 x 6 8 6 7 8 6 7 6 7 6 7 8 7 11 6 7 7 6 8 7 7
14 10 8 14 12 17 8 11 12 12 16 8 13 17 9 7 10 13 16 18 16 16 9 9 27 9 8 8 12 11 9 11 8 12 7 14 7 7 9 8 10 10 9 14 8 6 6 7 7 8 8 10 7 9 7 7 7 5 6 8 6 5 5 8 7 10 7 7 10 6 8 8 6 6 7 7 8 7 6 x 6 6 5 7 4 9 8 8 7 7 8 7 6 8 7 8 9 5 5 6
11 6 6 12 8 16 8 10 10 9 15 7 8 17 6 5 5 9 14 17 14 13 9 7 21 9 7 7 10 10 8 11 9 12 6 12 6 7 9 6 9 10 11 13 7 7 5 6 8 9 8 11 6 8 5 8 7 5 8 5 5 7 4 5 6 7 7 5 7 6 6 6 5 7 7 7 9 6 8 6 x 7 6 6 5 6 4 4 5 9 5 7 6 6 5 8 5 4 4 6
11 7 9 12 9 17 7 11 11 9 17 7 8 17 8 8 7 9 14 16 13 12 11 7 23 8 7 7 9 11 10 9 7 11 7 11 10 9 7 6 8 12 10 11 7 8 8 8 8 7 8 10 8 8 10 7 5 7 7 9 6 6 6 8 8 8 6 7 13 6 11 6 7 8 6 8 13 6 6 6 7 x 8 8 6 8 6 6 8 5 6 6 9 5 8 8 7 10 10 7
11 7 6 12 9 16 7 10 11 9 16 7 10 16 7 5 6 11 15 16 16 12 8 7 23 7 7 8 13 11 6 12 7 9 8 11 6 9 6 7 9 13 9 10 6 6 5 8 8 8 8 9 5 9 6 7 5 6 6 5 5 6 4 5 8 8 6 7 8 5 6 8 6 5 5 5 10 7 7 5 6 8 x 7 7 6 6 4 5 4 8 5 5 5 4 7 7 7 5 5
11 6 6 12 8 17 7 11 10 8 16 7 8 16 6 5 6 9 15 19 13 13 10 9 23 9 7 7 10 10 7 10 8 11 6 12 8 6 7 9 7 11 13 11 8 10 6 4 6 6 8 9 8 10 5 8 7 7 6 5 6 7 7 8 5 9 8 7 7 6 7 7 8 9 8 5 9 7 8 7 6 8 7 x 8 8 4 5 10 9 5 8 6 8 7 8 8 7 6 9
11 7 6 12 9 16 7 9 11 10 16 8 10 17 8 8 7 10 14 17 15 12 7 6 25 8 5 8 9 9 8 11 7 9 7 10 8 8 6 8 9 10 8 10 6 7 6 6 5 7 8 8 7 8 7 7 7 8 7 6 8 9 6 7 8 9 8 5 8 6 6 6 6 8 6 7 8 6 6 4 5 6 7 8 x 8 5 7 6 8 8 8 9 6 7 12 7 6 7 9
11 7 8 12 9 16 8 11 10 8 16 7 9 16 9 7 7 10 14 16 14 14 9 9 20 8 8 7 11 10 7 9 8 10 8 12 7 8 10 7 8 10 9 13 8 8 7 9 8 7 10 14 10 8 6 7 8 6 11 5 6 6 6 6 9 8 6 5 6 6 6 6 8 7 7 6 10 6 7 9 6 8 6 8 8 x 5 6 10 7 8 6 7 11 6 7 7 6 6 8
11 7 5 13 9 16 7 12 11 8 16 8 8 16 6 8 5 8 15 16 13 14 8 6 23 7 7 7 10 11 10 10 7 10 7 12 6 6 7 7 6 11 10 10 6 7 7 6 7 9 8 9 7 10 6 6 6 5 6 7 6 4 5 5 6 7 5 5 9 6 7 7 6 6 8 6 12 6 6 8 4 6 6 4 5 5 x 6 9 8 7 6 6 6 5 9 6 7 4 5
11 9 5 12 9 16 7 10 11 10 16 7 9 16 6 5 5 8 14 16 14 14 9 7 24 9 8 7 9 11 7 11 7 11 7 11 7 7 8 7 6 13 11 11 6 7 6 8 8 9 9 11 8 7 5 7 5 6 9 8 8 5 5 4 6 7 6 6 10 5 7 7 8 5 8 6 8 5 7 8 4 6 4 5 7 6 6 x 6 8 4 5 6 6 5 6 8 6 4 6
11 6 7 11 12 16 6 11 11 9 16 8 10 17 8 8 7 9 15 17 14 13 9 9 21 8 8 6 10 12 10 9 8 11 8 12 8 8 7 7 6 10 11 13 9 6 7 9 5 9 7 12 5 9 6 5 7 5 6 5 5 5 5 5 6 7 7 6 7 5 5 5 7 6 4 7 13 6 6 7 5 8 5 10 6 10 9 6 x 6 8 8 9 5 4 8 5 8 7 5
11 8 7 11 10 16 8 10 10 11 17 9 11 17 8 8 8 9 14 19 15 16 9 7 20 8 6 6 11 10 5 10 8 10 7 11 8 6 8 6 7 10 10 11 9 7 7 7 6 10 9 11 5 6 6 8 5 5 8 9 6 4 5 5 6 7 7 6 12 6 7 4 5 5 6 6 9 5 7 7 9 5 4 9 8 7 8 8 6 x 4 6 6 8 5 9 6 6 6 4
11 9 6 11 8 16 6 10 11 8 17 7 9 17 6 7 5 9 14 17 15 12 8 7 22 9 8 8 11 10 7 10 8 11 7 11 7 7 7 7 7 9 10 10 7 9 7 6 9 8 9 12 6 6 6 6 7 5 5 5 7 6 6 7 7 6 5 5 9 5 7 6 6 5 8 10 10 5 8 8 5 6 8 5 8 8 7 4 8 4 x 5 5 5 4 8 7 6 6 5
11 9 6 11 9 17 7 10 10 9 17 7 8 19 8 8 5 9 14 16 13 13 7 7 23 9 10 6 9 10 9 11 9 10 6 12 7 8 7 6 8 10 9 11 7 10 6 7 8 12 8 10 5 6 7 8 7 6 10 6 7 7 8 6 7 6 7 10 9 5 6 7 5 7 7 6 8 7 7 7 7 6 5 8 8 6 6 5 8 6 5 x 6 8 4 9 5 7 6 10
11 12 6 12 8 17 8 12 11 8 16 8 10 17 5 7 6 9 14 17 13 14 8 7 22 8 8 7 10 12 8 10 9 11 6 14 7 6 7 7 7 10 10 12 8 6 9 8 6 7 12 11 7 6 6 6 6 6 9 6 6 7 8 6 6 7 7 8 9 6 6 6 8 5 8 8 10 8 11 6 6 9 5 6 9 7 6 6 9 6 5 6 x 6 7 6 9 9 7 7
11 10 8 11 8 16 10 9 10 8 16 9 10 16 7 8 9 9 16 17 16 13 9 10 20 7 6 6 10 11 6 10 7 9 5 10 6 9 6 9 6 8 10 10 7 6 7 6 6 8 7 12 5 8 5 7 7 6 7 6 6 6 5 7 7 6 6 7 9 9 8 5 5 7 6 6 10 9 6 8 6 5 5 8 6 11 6 6 5 8 5 8 6 x 5 8 5 6 7 8
11 7 8 12 9 17 8 10 11 9 16 8 8 18 6 6 5 9 13 16 14 13 9 7 23 8 7 8 10 11 10 10 7 13 6 11 6 6 7 6 8 9 10 12 7 6 6 7 6 10 9 10 5 9 6 6 8 5 6 5 7 5 5 6 7 7 9 6 9 6 6 8 6 9 4 6 10 6 7 7 5 8 4 7 7 6 5 5 4 5 4 4 7 5 x 8 6 8 5 6
13 10 10 13 9 16 10 12 17 9 16 12 12 15 8 8 8 11 15 18 15 13 11 10 24 7 12 8 8 10 10 9 8 9 6 12 9 8 7 8 7 8 8 10 7 8 7 7 8 7 7 8 7 6 10 6 7 7 7 6 7 8 8 9 9 8 7 9 7 7 7 7 7 7 7 6 11 7 7 8 8 8 7 8 12 7 9 6 8 9 8 9 6 8 8 x 6 7 6 9
11 6 7 12 9 17 7 10 11 8 17 7 8 16 7 7 6 8 14 17 14 13 8 7 20 7 7 7 10 11 10 12 6 11 7 14 6 5 6 6 6 10 12 10 6 7 8 6 8 7 10 10 6 7 8 7 4 5 6 6 5 7 5 5 6 7 9 5 8 5 6 7 5 8 5 7 9 6 6 9 5 7 7 8 7 7 6 8 5 6 7 5 9 5 6 6 x 8 4 8
11 6 6 12 9 17 7 10 11 9 17 9 8 17 7 7 6 9 14 16 14 13 8 8 22 9 8 7 11 10 9 11 11 12 7 11 7 7 7 7 7 11 10 13 9 6 5 6 6 8 9 10 6 8 6 7 9 7 6 8 5 7 7 8 6 9 7 7 10 5 5 7 5 6 11 6 8 6 8 5 4 10 7 7 6 6 7 6 8 6 6 7 9 6 8 7 8 x 4 7
11 9 6 11 9 16 7 10 12 8 15 7 9 18 7 7 5 9 15 17 15 14 10 7 22 8 7 10 11 9 9 11 8 11 5 12 8 6 9 7 7 9 10 10 8 7 6 5 8 7 8 12 7 8 5 7 7 5 8 5 6 5 6 6 5 8 6 5 10 5 5 9 7 6 8 5 9 5 7 5 4 10 5 6 7 6 4 4 7 6 6 6 7 7 5 6 4 4 x 5
11 8 6 12 8 16 7 10 12 8 15 6 8 17 6 5 6 9 13 16 13 12 8 8 22 8 9 8 11 10 8 11 9 12 7 12 7 8 9 9 8 11 13 11 11 7 8 9 5 8 7 12 6 5 8 6 7 5 7 6 6 5 5 7 8 7 5 9 10 5 6 6 8 7 5 5 10 8 7 6 6 7 5 9 9 8 5 6 5 4 5 10 7 8 6 9 8 7 5 x