50
25
S_o_d_a _c_h_a_n_d_r_a_n _g_o_b_e_a_r_s _t_r_a_n  _b_r_a_d_y _d_u _z_o_u _y_a_s_h _j_a_r_r_e_t_t _s_c_o_t_t _n_a_i_r _b_e_r_i_t _e_m_i_l_y _j_i_f_u _w_i_n_s_t_o_n _y_i_p _m_i_t_t_a_l _l_e_w_k_e _y_a_n_a_y _m_a_c_k _s_a_t_h_v_i_k _s_t_e_v_e_n _k_e_v_i_n _v_a_i_b_h_a_v _m_a_y_a _i_s_h_a_a_n _g_r_a_c_e _n_g_u_y_e_n _c_a_r_o_l_i_n_e _w_e_a_v_e_r _s_h_a_h_r_o_z _s_h_a_h _e_l_l_e_n _l_u_o _w_a_n_g _g_i_b_s_o_n _g_r_e_g_o_r_y _c_u_r_r_y _k_r_i_s_t_a _r_o_u_z_b_a_h_a_n_i _w_y_a_t_t _s_u_b_b_a_r_a_j _l_i _l_o _j_a_m_e_s _c_h_a_s_e _s_a_h_a_i  _s_o_m_a_n _a_n_n_i_e _k_a_n_i_k_a
_y_a_n_a_y _r_o_u_z_b_a_h_a_n_i _s_t_e_v_e_n _g_r_e_g_o_r_y _c_h_a_n_d_r_a_n _j_a_r_r_e_t_t _s_a_t_h_v_i_k _d_u _b_e_r_i_t _v_a_i_b_h_a_v _y_a_s_h _g_i_b_s_o_n _m_a_c_k _c_a_r_o_l_i_n_e _l_i _w_a_n_g _t_r_a_n  _s_a_h_a_i  _y_i_p _w_e_a_v_e_r _e_l_l_e_n _s_c_o_t_t _k_e_v_i_n _k_a_n_i_k_a _l_u_o
S_o_d_a
x 128 256 256 256 256 256 256 256 256 256 256 256 256 256 256 256 256 256 256 256 256 256 256 256 256 256 256 256 256 256 256 256 256 256 256 256 256 256 256 256 256 256 256 256 256 256 256 256 128
128 x 128 256 256 256 256 256 256 256 256 256 256 256 256 256 256 256 256 256 256 256 256 256 256 256 256 256 256 256 256 256 256 256 256 256 256 256 256 256 256 256 256 256 256 256 256 256 256 256
256 128 x 128 256 256 256 256 256 256 256 256 256 256 256 256 256 256 256 256 256 256 256 256 256 256 256 256 256 256 256 256 256 256 256 256 256 256 256 256 256 256 256 256 256 256 256 256 256 256
256 256 128 x 128 256 256 256 256 256 256 256 256 256 256 256 256 256 256 256 256 256 256 256 256 256 256 256 256 256 256 256 256 256 256 256 256 256 256 256 256 256 256 256 256 256 256 256 256 256
256 256 256 128 x 128 256 256 256 256 256 256 256 256 256 256 256 256 256 256 256 256 256 256 256 256 256 256 256 256 256 256 256 256 256 256 256 256 256 256 256 256 256 256 256 256 256 256 256 256
256 256 256 256 128 x 128 256 256 256 256 256 256 256 256 256 256 256 256 256 256 256 256 256 256 256 256 256 256 256 256 256 256 256 256 256 256 256 256 256 256 256 256 256 256 256 256 256 256 256
256 256 256 256 256 128 x 128 256 256 256 256 256 256 256 256 256 256 256 256 256 256 256 256 256 256 256 256 256 256 256 256 256 256 256 256 256 256 256 256 256 256 256 256 256 256 256 256 256 256
256 256 256 256 256 256 128 x 128 256 256 256 256 256 256 256 256 256 256 256 256 256 256 256 256 256 256 256 256 256 256 256 256 256 256 256 256 256 256 256 256 256 256 256 256 256 256 256 256 256
256 256 256 256 256 256 256 128 x 128 256 256 256 256 256 256 256 256 256 256 256 256 256 256 256 256 256 256 256 256 256 256 256 256 256 256 256 256 256 256 256 256 256 256 256 256 256 256 256 256
256 256 256 256 256 256 256 256 128 x 128 256 256 256 256 256 256 256 256 256 256 256 256 256 256 256 256 256 256 256 256 256 256 256 256 256 256 256 256 256 256 256 256 256 256 256 256 256 256 256
256 256 256 256 256 256 256 256 256 128 x 128 256 256 256 256 256 256 256 256 256 256 256 256 256 256 256 256 256 256 256 256 256 256 256 256 256 256 256 256 256 256 256 256 256 256 256 256 256 256
256 256 256 256 256 256 256 256 256 256 128 x 128 256 256 256 256 256 256 256 256 256 256 256 256 256 256 256 256 256 256 256 256 256 256 256 256 256 256 256 256 256 256 256 256 256 256 256 256 256
256 256 256 256 256 256 256 256 256 256 256 128 x 128 256 256 256 256 256 256 256 256 256 256 256 256 256 256 256 256 256 256 256 256 256 256 256 256 256 256 256 256 256 256 256 256 256 256 256 256
256 256 256 256 256 256 256 256 256 256 256 256 128 x 128 256 256 256 256 256 256 256 256 256 256 256 256 256 256 256 256 256 256 256 256 256 256 256 256 256 256 256 256 256 256 256 256 256 256 256
256 256 256 256 256 256 256 256 256 256 256 256 256 128 x 128 256 256 256 256 256 256 256 256 256 256 256 256 256 256 256 256 256 256 256 256 256 256 256 256 256 256 256 256 256 256 256 256 256 256
256 256 256 256 256 256 256 256 256 256 256 256 256 256 128 x 128 256 256 256 256 256 256 256 256 256 256 256 256 256 256 256 256 256 256 256 256 256 256 256 256 256 256 256 256 256 256 256 256 256
256 256 256 256 256 256 256 256 256 256 256 256 256 256 256 128 x 128 256 256 256 256 256 256 256 256 256 256 256 256 256 256 256 256 256 256 256 256 256 256 256 256 256 256 256 256 256 256 256 256
256 256 256 256 256 256 256 256 256 256 256 256 256 256 256 256 128 x 128 256 256 256 256 256 256 256 256 256 256 256 256 256 256 256 256 256 256 256 256 256 256 256 256 256 256 256 256 256 256 256
256 256 256 256 256 256 256 256 256 256 256 256 256 256 256 256 256 128 x 128 256 256 256 256 256 256 256 256 256 256 256 256 256 256 256 256 256 256 256 256 256 256 256 256 256 256 256 256 256 256
256 256 256 256 256 256 256 256 256 256 256 256 256 256 256 256 256 256 128 x 128 256 256 256 256 256 256 256 256 256 256 256 256 256 256 256 256 256 256 256 256 256 256 256 256 256 256 256 256 256
256 256 256 256 256 256 256 256 256 256 256 256 256 256 256 256 256 256 256 128 x 128 256 256 256 256 256 256 256 256 256 256 256 256 256 256 256 256 256 256 256 256 256 256 256 256 256 256 256 256
256 256 256 256 256 256 256 256 256 256 256 256 256 256 256 256 256 256 256 256 128 x 128 256 256 256 256 256 256 256 256 256 256 256 256 256 256 256 256 256 256 256 256 256 256 256 256 256 256 256
256 256 256 256 256 256 256 256 256 256 256 256 256 256 256 256 256 256 256 256 256 128 x 128 256 256 256 256 256 256 256 256 256 256 256 256 256 256 256 256 256 256 256 256 256 256 256 256 256 256
256 256 256 256 256 256 256 256 256 256 256 256 256 256 256 256 256 256 256 256 256 256 128 x 128 256 256 256 256 256 256 256 256 256 256 256 256 256 256 256 256 256 256 256 256 256 256 256 256 256
256 256 256 256 256 256 256 256 256 256 256 256 256 256 256 256 256 256 256 256 256 256 256 128 x 128 256 256 256 256 256 256 256 256 256 256 256 256 256 256 256 256 256 256 256 256 256 256 256 256
256 256 256 256 256 256 256 256 256 256 256 256 256 256 256 256 256 256 256 256 256 256 256 256 128 x 128 256 256 256 256 256 256 256 256 256 256 256 256 256 256 256 256 256 256 256 256 256 256 256
256 256 256 256 256 256 256 256 256 256 256 256 256 256 256 256 256 256 256 256 256 256 256 256 256 128 x 128 256 256 256 256 256 256 256 256 256 256 256 256 256 256 256 256 256 256 256 256 256 256
256 256 256 256 256 256 256 256 256 256 256 256 256 256 256 256 256 256 256 256 256 256 256 256 256 256 128 x 128 256 256 256 256 256 256 256 256 256 256 256 256 256 256 256 256 256 256 256 256 256
256 256 256 256 256 256 256 256 256 256 256 256 256 256 256 256 256 256 256 256 256 256 256 256 256 256 256 128 x 128 256 256 256 256 256 256 256 256 256 256 256 256 256 256 256 256 256 256 256 256
256 256 256 256 256 256 256 256 256 256 256 256 256 256 256 256 256 256 256 256 256 256 256 256 256 256 256 256 128 x 128 256 256 256 256 256 256 256 256 256 256 256 256 256 256 256 256 256 256 256
256 256 256 256 256 256 256 256 256 256 256 256 256 256 256 256 256 256 256 256 256 256 256 256 256 256 256 256 256 128 x 128 256 256 256 256 256 256 256 256 256 256 256 256 256 256 256 256 256 256
256 256 256 256 256 256 256 256 256 256 256 256 256 256 256 256 256 256 256 256 256 256 256 256 256 256 256 256 256 256 128 x 128 256 256 256 256 256 256 256 256 256 256 256 256 256 256 256 256 256
256 256 256 256 256 256 256 256 256 256 256 256 256 256 256 256 256 256 256 256 256 256 256 256 256 256 256 256 256 256 256 128 x 128 256 256 256 256 256 256 256 256 256 256 256 256 256 256 256 256
256 256 256 256 256 256 256 256 256 256 256 256 256 256 256 256 256 256 256 256 256 256 256 256 256 256 256 256 256 256 256 256 128 x 128 256 256 256 256 256 256 256 256 256 256 256 256 256 256 256
256 256 256 256 256 256 256 256 256 256 256 256 256 256 256 256 256 256 256 256 256 256 256 256 256 256 256 256 256 256 256 256 256 128 x 128 256 256 256 256 256 256 256 256 256 256 256 256 256 256
256 256 256 256 256 256 256 256 256 256 256 256 256 256 256 256 256 256 256 256 256 256 256 256 256 256 256 256 256 256 256 256 256 256 128 x 128 256 256 256 256 256 256 256 256 256 256 256 256 256
256 256 256 256 256 256 256 256 256 256 256 256 256 256 256 256 256 256 256 256 256 256 256 256 256 256 256 256 256 256 256 256 256 256 256 128 x 128 256 256 256 256 256 256 256 256 256 256 256 256
256 256 256 256 256 256 256 256 256 256 256 256 256 256 256 256 256 256 256 256 256 256 256 256 256 256 256 256 256 256 256 256 256 256 256 256 128 x 128 256 256 256 256 256 256 256 256 256 256 256
256 256 256 256 256 256 256 256 256 256 256 256 256 256 256 256 256 256 256 256 256 256 256 256 256 256 256 256 256 256 256 256 256 256 256 256 256 128 x 128 256 256 256 256 256 256 256 256 256 256
256 256 256 256 256 256 256 256 256 256 256 256 256 256 256 256 256 256 256 256 256 256 256 256 256 256 256 256 256 256 256 256 256 256 256 256 256 256 128 x 128 256 256 256 256 256 256 256 256 256
256 256 256 256 256 256 256 256 256 256 256 256 256 256 256 256 256 256 256 256 256 256 256 256 256 256 256 256 256 256 256 256 256 256 256 256 256 256 256 128 x 128 256 256 256 256 256 256 256 256
256 256 256 256 256 256 256 256 256 256 256 256 256 256 256 256 256 256 256 256 256 256 256 256 256 256 256 256 256 256 256 256 256 256 256 256 256 256 256 256 128 x 128 256 256 256 256 256 256 256
256 256 256 256 256 256 256 256 256 256 256 256 256 256 256 256 256 256 256 256 256 256 256 256 256 256 256 256 256 256 256 256 256 256 256 256 256 256 256 256 256 128 x 128 256 256 256 256 256 256
256 256 256 256 256 256 256 256 256 256 256 256 256 256 256 256 256 256 256 256 256 256 256 256 256 256 256 256 256 256 256 256 256 256 256 256 256 256 256 256 256 256 128 x 128 256 256 256 256 256
256 256 256 256 256 256 256 256 256 256 256 256 256 256 256 256 256 256 256 256 256 256 256 256 256 256 256 256 256 256 256 256 256 256 256 256 256 256 256 256 256 256 256 128 x 128 256 256 256 256
256 256 256 256 256 256 256 256 256 256 256 256 256 256 256 256 256 256 256 256 256 256 256 256 256 256 256 256 256 256 256 256 256 256 256 256 256 256 256 256 256 256 256 256 128 x 128 256 256 256
256 256 256 256 256 256 256 256 256 256 256 256 256 256 256 256 256 256 256 256 256 256 256 256 256 256 256 256 256 256 256 256 256 256 256 256 256 256 256 256 256 256 256 256 256 128 x 128 256 256
256 256 256 256 256 256 256 256 256 256 256 256 256 256 256 256 256 256 256 256 256 256 256 256 256 256 256 256 256 256 256 256 256 256 256 256 256 256 256 256 256 256 256 256 256 256 128 x 128 256
256 256 256 256 256 256 256 256 256 256 256 256 256 256 256 256 256 256 256 256 256 256 256 256 256 256 256 256 256 256 256 256 256 256 256 256 256 256 256 256 256 256 256 256 256 256 256 128 x 128
128 256 256 256 256 256 256 256 256 256 256 256 256 256 256 256 256 256 256 256 256 256 256 256 256 256 256 256 256 256 256 256 256 256 256 256 256 256 256 256 256 256 256 256 256 256 256 256 128 x