100
50
_l_o_c0 _l_o_c1 _l_o_c2 _l_o_c3 _l_o_c4 _l_o_c5 _l_o_c6 _l_o_c7 _l_o_c8 _l_o_c9 _l_o_c10 _l_o_c11 _l_o_c12 _l_o_c13 _l_o_c14 _l_o_c15 _l_o_c16 _l_o_c17 _l_o_c18 _l_o_c19 _l_o_c20 _l_o_c21 _l_o_c22 _l_o_c23 _l_o_c24 _l_o_c25 _l_o_c26 _l_o_c27 _l_o_c28 _l_o_c29 _l_o_c30 _l_o_c31 _l_o_c32 _l_o_c33 _l_o_c34 _l_o_c35 _l_o_c36 _l_o_c37 _l_o_c38 _l_o_c39 _l_o_c40 _l_o_c41 _l_o_c42 _l_o_c43 _l_o_c44 _l_o_c45 _l_o_c46 _l_o_c47 _l_o_c48 _l_o_c49 _l_o_c50 _l_o_c51 _l_o_c52 _l_o_c53 _l_o_c54 _l_o_c55 _l_o_c56 _l_o_c57 _l_o_c58 _l_o_c59 _l_o_c60 _l_o_c61 _l_o_c62 _l_o_c63 _l_o_c64 _l_o_c65 _l_o_c66 _l_o_c67 _l_o_c68 _l_o_c69 _l_o_c70 _l_o_c71 _l_o_c72 _l_o_c73 _l_o_c74 _l_o_c75 _l_o_c76 _l_o_c77 _l_o_c78 _l_o_c79 _l_o_c80 _l_o_c81 _l_o_c82 _l_o_c83 _l_o_c84 _l_o_c85 _l_o_c86 _l_o_c87 _l_o_c88 _l_o_c89 _l_o_c90 _l_o_c91 _l_o_c92 _l_o_c93 _l_o_c94 _l_o_c95 _l_o_c96 _l_o_c97 _l_o_c98 _l_o_c99
_l_o_c6 _l_o_c7 _l_o_c9 _l_o_c10 _l_o_c13 _l_o_c14 _l_o_c16 _l_o_c17 _l_o_c21 _l_o_c22 _l_o_c24 _l_o_c25 _l_o_c28 _l_o_c29 _l_o_c31 _l_o_c32 _l_o_c37 _l_o_c38 _l_o_c40 _l_o_c41 _l_o_c44 _l_o_c45 _l_o_c47 _l_o_c48 _l_o_c52 _l_o_c53 _l_o_c55 _l_o_c56 _l_o_c59 _l_o_c60 _l_o_c62 _l_o_c63 _l_o_c69 _l_o_c70 _l_o_c72 _l_o_c73 _l_o_c76 _l_o_c77 _l_o_c80 _l_o_c81 _l_o_c83 _l_o_c84 _l_o_c88 _l_o_c89 _l_o_c91 _l_o_c92 _l_o_c95 _l_o_c96 _l_o_c98 _l_o_c99
_l_o_c0
x 1 2 3 4 5 6 6 5 6 6 4 5 6 6 5 6 6 3 4 5 6 6 5 6 6 4 5 6 6 5 6 6 2 3 4 5 6 6 5 6 6 4 5 6 6 5 6 6 3 4 5 6 6 5 6 6 4 5 6 6 5 6 6 1 2 3 4 5 6 6 5 6 6 4 5 6 5 3 4 5 5 4 5 5 2 3 4 5 5 4 5 5 3 4 5 5 4 5 5
1 x 1 2 3 4 5 5 4 5 5 3 4 5 5 4 5 5 2 3 4 5 5 4 5 5 3 4 5 5 4 5 5 1 2 3 4 5 5 4 5 5 3 4 5 5 4 5 5 2 3 4 5 5 4 5 5 3 4 5 5 4 5 5 2 3 4 5 6 7 7 6 7 7 5 6 7 6 4 5 6 6 5 6 6 3 4 5 6 6 5 6 6 4 5 6 6 5 6 6
2 1 x 1 2 3 4 4 3 4 4 2 3 4 4 3 4 4 1 2 3 4 4 3 4 4 2 3 4 4 3 4 4 2 3 4 5 6 6 5 6 6 4 5 6 6 5 6 6 3 4 5 6 6 5 6 6 4 5 6 6 5 6 6 3 4 5 6 7 8 8 7 8 8 6 7 8 7 5 6 7 7 6 7 7 4 5 6 7 7 6 7 7 5 6 7 7 6 7 7
3 2 1 x 1 2 3 3 2 3 3 1 2 3 3 2 3 3 2 3 4 5 5 4 5 5 3 4 5 5 4 5 5 3 4 5 6 7 7 6 7 7 5 6 7 7 6 7 7 4 5 6 7 7 6 7 7 5 6 7 7 6 7 7 4 5 6 7 8 9 9 8 9 9 7 8 9 8 6 7 8 8 7 8 8 5 6 7 8 8 7 8 8 6 7 8 8 7 8 8
4 3 2 1 x 1 2 2 1 2 2 2 3 4 4 3 4 4 3 4 5 6 6 5 6 6 4 5 6 6 5 6 6 4 5 6 7 8 8 7 8 8 6 7 8 8 7 8 8 5 6 7 8 8 7 8 8 6 7 8 8 7 8 8 5 6 7 8 9 10 10 9 10 10 8 9 10 9 7 8 9 9 8 9 9 6 7 8 9 9 8 9 9 7 8 9 9 8 9 9
5 4 3 2 1 x 1 1 2 3 3 3 4 5 5 4 5 5 4 5 6 7 7 6 7 7 5 6 7 7 6 7 7 5 6 7 8 9 9 8 9 9 7 8 9 9 8 9 9 6 7 8 9 9 8 9 9 7 8 9 9 8 9 9 6 7 8 9 10 11 11 10 11 11 9 10 11 10 8 9 10 10 9 10 10 7 8 9 10 10 9 10 10 8 9 10 10 9 10 10
6 5 4 3 2 1 x 2 3 4 4 4 5 6 6 5 6 6 5 6 7 8 8 7 8 8 6 7 8 8 7 8 8 6 7 8 9 10 10 9 10 10 8 9 10 10 9 10 10 7 8 9 10 10 9 10 10 8 9 10 10 9 10 10 7 8 9 10 11 12 12 11 12 12 10 11 12 11 9 10 11 11 10 11 11 8 9 10 11 11 10 11 11 9 10 11 11 10 11 11
6 5 4 3 2 1 2 x 3 4 4 4 5 6 6 5 6 6 5 6 7 8 8 7 8 8 6 7 8 8 7 8 8 6 7 8 9 10 10 9 10 10 8 9 10 10 9 10 10 7 8 9 10 10 9 10 10 8 9 10 10 9 10 10 7 8 9 10 11 12 12 11 12 12 10 11 12 11 9 10 11 11 10 11 11 8 9 10 11 11 10 11 11 9 10 11 11 10 11 11
5 4 3 2 1 2 3 3 x 1 1 3 4 5 5 4 5 5 4 5 6 7 7 6 7 7 5 6 7 7 6 7 7 5 6 7 8 9 9 8 9 9 7 8 9 9 8 9 9 6 7 8 9 9 8 9 9 7 8 9 9 8 9 9 6 7 8 9 10 11 11 10 11 11 9 10 11 10 8 9 10 10 9 10 10 7 8 9 10 10 9 10 10 8 9 10 10 9 10 10
6 5 4 3 2 3 4 4 1 x 2 4 5 6 6 5 6 6 5 6 7 8 8 7 8 8 6 7 8 8 7 8 8 6 7 8 9 10 10 9 10 10 8 9 10 10 9 10 10 7 8 9 10 10 9 10 10 8 9 10 10 9 10 10 7 8 9 10 11 12 12 11 12 12 10 11 12 11 9 10 11 11 10 11 11 8 9 10 11 11 10 11 11 9 10 11 11 10 11 11
6 5 4 3 2 3 4 4 1 2 x 4 5 6 6 5 6 6 5 6 7 8 8 7 8 8 6 7 8 8 7 8 8 6 7 8 9 10 10 9 10 10 8 9 10 10 9 10 10 7 8 9 10 10 9 10 10 8 9 10 10 9 10 10 7 8 9 10 11 12 12 11 12 12 10 11 12 11 9 10 11 11 10 11 11 8 9 10 11 11 10 11 11 9 10 11 11 10 11 11
4 3 2 1 2 3 4 4 3 4 4 x 1 2 2 1 2 2 3 4 5 6 6 5 6 6 4 5 6 6 5 6 6 4 5 6 7 8 8 7 8 8 6 7 8 8 7 8 8 5 6 7 8 8 7 8 8 6 7 8 8 7 8 8 5 6 7 8 9 10 10 9 10 10 8 9 10 9 7 8 9 9 8 9 9 6 7 8 9 9 8 9 9 7 8 9 9 8 9 9
5 4 3 2 3 4 5 5 4 5 5 1 x 1 1 2 3 3 4 5 6 7 7 6 7 7 5 6 7 7 6 7 7 5 6 7 8 9 9 8 9 9 7 8 9 9 8 9 9 6 7 8 9 9 8 9 9 7 8 9 9 8 9 9 6 7 8 9 10 11 11 10 11 11 9 10 11 10 8 9 10 10 9 10 10 7 8 9 10 10 9 10 10 8 9 10 10 9 10 10
6 5 4 3 4 5 6 6 5 6 6 2 1 x 2 3 4 4 5 6 7 8 8 7 8 8 6 7 8 8 7 8 8 6 7 8 9 10 10 9 10 10 8 9 10 10 9 10 10 7 8 9 10 10 9 10 10 8 9 10 10 9 10 10 7 8 9 10 11 12 12 11 12 12 10 11 12 11 9 10 11 11 10 11 11 8 9 10 11 11 10 11 11 9 10 11 11 10 11 11
6 5 4 3 4 5 6 6 5 6 6 2 1 2 x 3 4 4 5 6 7 8 8 7 8 8 6 7 8 8 7 8 8 6 7 8 9 10 10 9 10 10 8 9 10 10 9 10 10 7 8 9 10 10 9 10 10 8 9 10 10 9 10 10 7 8 9 10 11 12 12 11 12 12 10 11 12 11 9 10 11 11 10 11 11 8 9 10 11 11 10 11 11 9 10 11 11 10 11 11
5 4 3 2 3 4 5 5 4 5 5 1 2 3 3 x 1 1 4 5 6 7 7 6 7 7 5 6 7 7 6 7 7 5 6 7 8 9 9 8 9 9 7 8 9 9 8 9 9 6 7 8 9 9 8 9 9 7 8 9 9 8 9 9 6 7 8 9 10 11 11 10 11 11 9 10 11 10 8 9 10 10 9 10 10 7 8 9 10 10 9 10 10 8 9 10 10 9 10 10
6 5 4 3 4 5 6 6 5 6 6 2 3 4 4 1 x 2 5 6 7 8 8 7 8 8 6 7 8 8 7 8 8 6 7 8 9 10 10 9 10 10 8 9 10 10 9 10 10 7 8 9 10 10 9 10 10 8 9 10 10 9 10 10 7 8 9 10 11 12 12 11 12 12 10 11 12 11 9 10 11 11 10 11 11 8 9 10 11 11 10 11 11 9 10 11 11 10 11 11
6 5 4 3 4 5 6 6 5 6 6 2 3 4 4 1 2 x 5 6 7 8 8 7 8 8 6 7 8 8 7 8 8 6 7 8 9 10 10 9 10 10 8 9 10 10 9 10 10 7 8 9 10 10 9 10 10 8 9 10 10 9 10 10 7 8 9 10 11 12 12 11 12 12 10 11 12 11 9 10 11 11 10 11 11 8 9 10 11 11 10 11 11 9 10 11 11 10 11 11
3 2 1 2 3 4 5 5 4 5 5 3 4 5 5 4 5 5 x 1 2 3 3 2 3 3 1 2 3 3 2 3 3 3 4 5 6 7 7 6 7 7 5 6 7 7 6 7 7 4 5 6 7 7 6 7 7 5 6 7 7 6 7 7 4 5 6 7 8 9 9 8 9 9 7 8 9 8 6 7 8 8 7 8 8 5 6 7 8 8 7 8 8 6 7 8 8 7 8 8
4 3 2 3 4 5 6 6 5 6 6 4 5 6 6 5 6 6 1 x 1 2 2 1 2 2 2 3 4 4 3 4 4 4 5 6 7 8 8 7 8 8 6 7 8 8 7 8 8 5 6 7 8 8 7 8 8 6 7 8 8 7 8 8 5 6 7 8 9 10 10 9 10 10 8 9 10 9 7 8 9 9 8 9 9 6 7 8 9 9 8 9 9 7 8 9 9 8 9 9
5 4 3 4 5 6 7 7 6 7 7 5 6 7 7 6 7 7 2 1 x 1 1 2 3 3 3 4 5 5 4 5 5 5 6 7 8 9 9 8 9 9 7 8 9 9 8 9 9 6 7 8 9 9 8 9 9 7 8 9 9 8 9 9 6 7 8 9 10 11 11 10 11 11 9 10 11 10 8 9 10 10 9 10 10 7 8 9 10 10 9 10 10 8 9 10 10 9 10 10
6 5 4 5 6 7 8 8 7 8 8 6 7 8 8 7 8 8 3 2 1 x 2 3 4 4 4 5 6 6 5 6 6 6 7 8 9 10 10 9 10 10 8 9 10 10 9 10 10 7 8 9 10 10 9 10 10 8 9 10 10 9 10 10 7 8 9 10 11 12 12 11 12 12 10 11 12 11 9 10 11 11 10 11 11 8 9 10 11 11 10 11 11 9 10 11 11 10 11 11
6 5 4 5 6 7 8 8 7 8 8 6 7 8 8 7 8 8 3 2 1 2 x 3 4 4 4 5 6 6 5 6 6 6 7 8 9 10 10 9 10 10 8 9 10 10 9 10 10 7 8 9 10 10 9 10 10 8 9 10 10 9 10 10 7 8 9 10 11 12 12 11 12 12 10 11 12 11 9 10 11 11 10 11 11 8 9 10 11 11 10 11 11 9 10 11 11 10 11 11
5 4 3 4 5 6 7 7 6 7 7 5 6 7 7 6 7 7 2 1 2 3 3 x 1 1 3 4 5 5 4 5 5 5 6 7 8 9 9 8 9 9 7 8 9 9 8 9 9 6 7 8 9 9 8 9 9 7 8 9 9 8 9 9 6 7 8 9 10 11 11 10 11 11 9 10 11 10 8 9 10 10 9 10 10 7 8 9 10 10 9 10 10 8 9 10 10 9 10 10
6 5 4 5 6 7 8 8 7 8 8 6 7 8 8 7 8 8 3 2 3 4 4 1 x 2 4 5 6 6 5 6 6 6 7 8 9 10 10 9 10 10 8 9 10 10 9 10 10 7 8 9 10 10 9 10 10 8 9 10 10 9 10 10 7 8 9 10 11 12 12 11 12 12 10 11 12 11 9 10 11 11 10 11 11 8 9 10 11 11 10 11 11 9 10 11 11 10 11 11
6 5 4 5 6 7 8 8 7 8 8 6 7 8 8 7 8 8 3 2 3 4 4 1 2 x 4 5 6 6 5 6 6 6 7 8 9 10 10 9 10 10 8 9 10 10 9 10 10 7 8 9 10 10 9 10 10 8 9 10 10 9 10 10 7 8 9 10 11 12 12 11 12 12 10 11 12 11 9 10 11 11 10 11 11 8 9 10 11 11 10 11 11 9 10 11 11 10 11 11
4 3 2 3 4 5 6 6 5 6 6 4 5 6 6 5 6 6 1 2 3 4 4 3 4 4 x 1 2 2 1 2 2 4 5 6 7 8 8 7 8 8 6 7 8 8 7 8 8 5 6 7 8 8 7 8 8 6 7 8 8 7 8 8 5 6 7 8 9 10 10 9 10 10 8 9 10 9 7 8 9 9 8 9 9 6 7 8 9 9 8 9 9 7 8 9 9 8 9 9
5 4 3 4 5 6 7 7 6 7 7 5 6 7 7 6 7 7 2 3 4 5 5 4 5 5 1 x 1 1 2 3 3 5 6 7 8 9 9 8 9 9 7 8 9 9 8 9 9 6 7 8 9 9 8 9 9 7 8 9 9 8 9 9 6 7 8 9 10 11 11 10 11 11 9 10 11 10 8 9 10 10 9 10 10 7 8 9 10 10 9 10 10 8 9 10 10 9 10 10
6 5 4 5 6 7 8 8 7 8 8 6 7 8 8 7 8 8 3 4 5 6 6 5 6 6 2 1 x 2 3 4 4 6 7 8 9 10 10 9 10 10 8 9 10 10 9 10 10 7 8 9 10 10 9 10 10 8 9 10 10 9 10 10 7 8 9 10 11 12 12 11 12 12 10 11 12 11 9 10 11 11 10 11 11 8 9 10 11 11 10 11 11 9 10 11 11 10 11 11
6 5 4 5 6 7 8 8 7 8 8 6 7 8 8 7 8 8 3 4 5 6 6 5 6 6 2 1 2 x 3 4 4 6 7 8 9 10 10 9 10 10 8 9 10 10 9 10 10 7 8 9 10 10 9 10 10 8 9 10 10 9 10 10 7 8 9 10 11 12 12 11 12 12 10 11 12 11 9 10 11 11 10 11 11 8 9 10 11 11 10 11 11 9 10 11 11 10 11 11
5 4 3 4 5 6 7 7 6 7 7 5 6 7 7 6 7 7 2 3 4 5 5 4 5 5 1 2 3 3 x 1 1 5 6 7 8 9 9 8 9 9 7 8 9 9 8 9 9 6 7 8 9 9 8 9 9 7 8 9 9 8 9 9 6 7 8 9 10 11 11 10 11 11 9 10 11 10 8 9 10 10 9 10 10 7 8 9 10 10 9 10 10 8 9 10 10 9 10 10
6 5 4 5 6 7 8 8 7 8 8 6 7 8 8 7 8 8 3 4 5 6 6 5 6 6 2 3 4 4 1 x 2 6 7 8 9 10 10 9 10 10 8 9 10 10 9 10 10 7 8 9 10 10 9 10 10 8 9 10 10 9 10 10 7 8 9 10 11 12 12 11 12 12 10 11 12 11 9 10 11 11 10 11 11 8 9 10 11 11 10 11 11 9 10 11 11 10 11 11
6 5 4 5 6 7 8 8 7 8 8 6 7 8 8 7 8 8 3 4 5 6 6 5 6 6 2 3 4 4 1 2 x 6 7 8 9 10 10 9 10 10 8 9 10 10 9 10 10 7 8 9 10 10 9 10 10 8 9 10 10 9 10 10 7 8 9 10 11 12 12 11 12 12 10 11 12 11 9 10 11 11 10 11 11 8 9 10 11 11 10 11 11 9 10 11 11 10 11 11
2 1 2 3 4 5 6 6 5 6 6 4 5 6 6 5 6 6 3 4 5 6 6 5 6 6 4 5 6 6 5 6 6 x 1 2 3 4 4 3 4 4 2 3 4 4 3 4 4 1 2 3 4 4 3 4 4 2 3 4 4 3 4 4 3 4 5 6 7 8 8 7 8 8 6 7 8 7 5 6 7 7 6 7 7 4 5 6 7 7 6 7 7 5 6 7 7 6 7 7
3 2 3 4 5 6 7 7 6 7 7 5 6 7 7 6 7 7 4 5 6 7 7 6 7 7 5 6 7 7 6 7 7 1 x 1 2 3 3 2 3 3 1 2 3 3 2 3 3 2 3 4 5 5 4 5 5 3 4 5 5 4 5 5 4 5 6 7 8 9 9 8 9 9 7 8 9 8 6 7 8 8 7 8 8 5 6 7 8 8 7 8 8 6 7 8 8 7 8 8
4 3 4 5 6 7 8 8 7 8 8 6 7 8 8 7 8 8 5 6 7 8 8 7 8 8 6 7 8 8 7 8 8 2 1 x 1 2 2 1 2 2 2 3 4 4 3 4 4 3 4 5 6 6 5 6 6 4 5 6 6 5 6 6 5 6 7 8 9 10 10 9 10 10 8 9 10 9 7 8 9 9 8 9 9 6 7 8 9 9 8 9 9 7 8 9 9 8 9 9
5 4 5 6 7 8 9 9 8 9 9 7 8 9 9 8 9 9 6 7 8 9 9 8 9 9 7 8 9 9 8 9 9 3 2 1 x 1 1 2 3 3 3 4 5 5 4 5 5 4 5 6 7 7 6 7 7 5 6 7 7 6 7 7 6 7 8 9 10 11 11 10 11 11 9 10 11 10 8 9 10 10 9 10 10 7 8 9 10 10 9 10 10 8 9 10 10 9 10 10
6 5 6 7 8 9 10 10 9 10 10 8 9 10 10 9 10 10 7 8 9 10 10 9 10 10 8 9 10 10 9 10 10 4 3 2 1 x 2 3 4 4 4 5 6 6 5 6 6 5 6 7 8 8 7 8 8 6 7 8 8 7 8 8 7 8 9 10 11 12 12 11 12 12 10 11 12 11 9 10 11 11 10 11 11 8 9 10 11 11 10 11 11 9 10 11 11 10 11 11
6 5 6 7 8 9 10 10 9 10 10 8 9 10 10 9 10 10 7 8 9 10 10 9 10 10 8 9 10 10 9 10 10 4 3 2 1 2 x 3 4 4 4 5 6 6 5 6 6 5 6 7 8 8 7 8 8 6 7 8 8 7 8 8 7 8 9 10 11 12 12 11 12 12 10 11 12 11 9 10 11 11 10 11 11 8 9 10 11 11 10 11 11 9 10 11 11 10 11 11
5 4 5 6 7 8 9 9 8 9 9 7 8 9 9 8 9 9 6 7 8 9 9 8 9 9 7 8 9 9 8 9 9 3 2 1 2 3 3 x 1 1 3 4 5 5 4 5 5 4 5 6 7 7 6 7 7 5 6 7 7 6 7 7 6 7 8 9 10 11 11 10 11 11 9 10 11 10 8 9 10 10 9 10 10 7 8 9 10 10 9 10 10 8 9 10 10 9 10 10
6 5 6 7 8 9 10 10 9 10 10 8 9 10 10 9 10 10 7 8 9 10 10 9 10 10 8 9 10 10 9 10 10 4 3 2 3 4 4 1 x 2 4 5 6 6 5 6 6 5 6 7 8 8 7 8 8 6 7 8 8 7 8 8 7 8 9 10 11 12 12 11 12 12 10 11 12 11 9 10 11 11 10 11 11 8 9 10 11 11 10 11 11 9 10 11 11 10 11 11
6 5 6 7 8 9 10 10 9 10 10 8 9 10 10 9 10 10 7 8 9 10 10 9 10 10 8 9 10 10 9 10 10 4 3 2 3 4 4 1 2 x 4 5 6 6 5 6 6 5 6 7 8 8 7 8 8 6 7 8 8 7 8 8 7 8 9 10 11 12 12 11 12 12 10 11 12 11 9 10 11 11 10 11 11 8 9 10 11 11 10 11 11 9 10 11 11 10 11 11
4 3 4 5 6 7 8 8 7 8 8 6 7 8 8 7 8 8 5 6 7 8 8 7 8 8 6 7 8 8 7 8 8 2 1 2 3 4 4 3 4 4 x 1 2 2 1 2 2 3 4 5 6 6 5 6 6 4 5 6 6 5 6 6 5 6 7 8 9 10 10 9 10 10 8 9 10 9 7 8 9 9 8 9 9 6 7 8 9 9 8 9 9 7 8 9 9 8 9 9
5 4 5 6 7 8 9 9 8 9 9 7 8 9 9 8 9 9 6 7 8 9 9 8 9 9 7 8 9 9 8 9 9 3 2 3 4 5 5 4 5 5 1 x 1 1 2 3 3 4 5 6 7 7 6 7 7 5 6 7 7 6 7 7 6 7 8 9 10 11 11 10 11 11 9 10 11 10 8 9 10 10 9 10 10 7 8 9 10 10 9 10 10 8 9 10 10 9 10 10
6 5 6 7 8 9 10 10 9 10 10 8 9 10 10 9 10 10 7 8 9 10 10 9 10 10 8 9 10 10 9 10 10 4 3 4 5 6 6 5 6 6 2 1 x 2 3 4 4 5 6 7 8 8 7 8 8 6 7 8 8 7 8 8 7 8 9 10 11 12 12 11 12 12 10 11 12 11 9 10 11 11 10 11 11 8 9 10 11 11 10 11 11 9 10 11 11 10 11 11
6 5 6 7 8 9 10 10 9 10 10 8 9 10 10 9 10 10 7 8 9 10 10 9 10 10 8 9 10 10 9 10 10 4 3 4 5 6 6 5 6 6 2 1 2 x 3 4 4 5 6 7 8 8 7 8 8 6 7 8 8 7 8 8 7 8 9 10 11 12 12 11 12 12 10 11 12 11 9 10 11 11 10 11 11 8 9 10 11 11 10 11 11 9 10 11 11 10 11 11
5 4 5 6 7 8 9 9 8 9 9 7 8 9 9 8 9 9 6 7 8 9 9 8 9 9 7 8 9 9 8 9 9 3 2 3 4 5 5 4 5 5 1 2 3 3 x 1 1 4 5 6 7 7 6 7 7 5 6 7 7 6 7 7 6 7 8 9 10 11 11 10 11 11 9 10 11 10 8 9 10 10 9 10 10 7 8 9 10 10 9 10 10 8 9 10 10 9 10 10
6 5 6 7 8 9 10 10 9 10 10 8 9 10 10 9 10 10 7 8 9 10 10 9 10 10 8 9 10 10 9 10 10 4 3 4 5 6 6 5 6 6 2 3 4 4 1 x 2 5 6 7 8 8 7 8 8 6 7 8 8 7 8 8 7 8 9 10 11 12 12 11 12 12 10 11 12 11 9 10 11 11 10 11 11 8 9 10 11 11 10 11 11 9 10 11 11 10 11 11
6 5 6 7 8 9 10 10 9 10 10 8 9 10 10 9 10 10 7 8 9 10 10 9 10 10 8 9 10 10 9 10 10 4 3 4 5 6 6 5 6 6 2 3 4 4 1 2 x 5 6 7 8 8 7 8 8 6 7 8 8 7 8 8 7 8 9 10 11 12 12 11 12 12 10 11 12 11 9 10 11 11 10 11 11 8 9 10 11 11 10 11 11 9 10 11 11 10 11 11
3 2 3 4 5 6 7 7 6 7 7 5 6 7 7 6 7 7 4 5 6 7 7 6 7 7 5 6 7 7 6 7 7 1 2 3 4 5 5 4 5 5 3 4 5 5 4 5 5 x 1 2 3 3 2 3 3 1 2 3 3 2 3 3 4 5 6 7 8 9 9 8 9 9 7 8 9 8 6 7 8 8 7 8 8 5 6 7 8 8 7 8 8 6 7 8 8 7 8 8
4 3 4 5 6 7 8 8 7 8 8 6 7 8 8 7 8 8 5 6 7 8 8 7 8 8 6 7 8 8 7 8 8 2 3 4 5 6 6 5 6 6 4 5 6 6 5 6 6 1 x 1 2 2 1 2 2 2 3 4 4 3 4 4 5 6 7 8 9 10 10 9 10 10 8 9 10 9 7 8 9 9 8 9 9 6 7 8 9 9 8 9 9 7 8 9 9 8 9 9
5 4 5 6 7 8 9 9 8 9 9 7 8 9 9 8 9 9 6 7 8 9 9 8 9 9 7 8 9 9 8 9 9 3 4 5 6 7 7 6 7 7 5 6 7 7 6 7 7 2 1 x 1 1 2 3 3 3 4 5 5 4 5 5 6 7 8 9 10 11 11 10 11 11 9 10 11 10 8 9 10 10 9 10 10 7 8 9 10 10 9 10 10 8 9 10 10 9 10 10
6 5 6 7 8 9 10 10 9 10 10 8 9 10 10 9 10 10 7 8 9 10 10 9 10 10 8 9 10 10 9 10 10 4 5 6 7 8 8 7 8 8 6 7 8 8 7 8 8 3 2 1 x 2 3 4 4 4 5 6 6 5 6 6 7 8 9 10 11 12 12 11 12 12 10 11 12 11 9 10 11 11 10 11 11 8 9 10 11 11 10 11 11 9 10 11 11 10 11 11
6 5 6 7 8 9 10 10 9 10 10 8 9 10 10 9 10 10 7 8 9 10 10 9 10 10 8 9 10 10 9 10 10 4 5 6 7 8 8 7 8 8 6 7 8 8 7 8 8 3 2 1 2 x 3 4 4 4 5 6 6 5 6 6 7 8 9 10 11 12 12 11 12 12 10 11 12 11 9 10 11 11 10 11 11 8 9 10 11 11 10 11 11 9 10 11 11 10 11 11
5 4 5 6 7 8 9 9 8 9 9 7 8 9 9 8 9 9 6 7 8 9 9 8 9 9 7 8 9 9 8 9 9 3 4 5 6 7 7 6 7 7 5 6 7 7 6 7 7 2 1 2 3 3 x 1 1 3 4 5 5 4 5 5 6 7 8 9 10 11 11 10 11 11 9 10 11 10 8 9 10 10 9 10 10 7 8 9 10 10 9 10 10 8 9 10 10 9 10 10
6 5 6 7 8 9 10 10 9 10 10 8 9 10 10 9 10 10 7 8 9 10 10 9 10 10 8 9 10 10 9 10 10 4 5 6 7 8 8 7 8 8 6 7 8 8 7 8 8 3 2 3 4 4 1 x 2 4 5 6 6 5 6 6 7 8 9 10 11 12 12 11 12 12 10 11 12 11 9 10 11 11 10 11 11 8 9 10 11 11 10 11 11 9 10 11 11 10 11 11
6 5 6 7 8 9 10 10 9 10 10 8 9 10 10 9 10 10 7 8 9 10 10 9 10 10 8 9 10 10 9 10 10 4 5 6 7 8 8 7 8 8 6 7 8 8 7 8 8 3 2 3 4 4 1 2 x 4 5 6 6 5 6 6 7 8 9 10 11 12 12 11 12 12 10 11 12 11 9 10 11 11 10 11 11 8 9 10 11 11 10 11 11 9 10 11 11 10 11 11
4 3 4 5 6 7 8 8 7 8 8 6 7 8 8 7 8 8 5 6 7 8 8 7 8 8 6 7 8 8 7 8 8 2 3 4 5 6 6 5 6 6 4 5 6 6 5 6 6 1 2 3 4 4 3 4 4 x 1 2 2 1 2 2 5 6 7 8 9 10 10 9 10 10 8 9 10 9 7 8 9 9 8 9 9 6 7 8 9 9 8 9 9 7 8 9 9 8 9 9
5 4 5 6 7 8 9 9 8 9 9 7 8 9 9 8 9 9 6 7 8 9 9 8 9 9 7 8 9 9 8 9 9 3 4 5 6 7 7 6 7 7 5 6 7 7 6 7 7 2 3 4 5 5 4 5 5 1 x 1 1 2 3 3 6 7 8 9 10 11 11 10 11 11 9 10 11 10 8 9 10 10 9 10 10 7 8 9 10 10 9 10 10 8 9 10 10 9 10 10
6 5 6 7 8 9 10 10 9 10 10 8 9 10 10 9 10 10 7 8 9 10 10 9 10 10 8 9 10 10 9 10 10 4 5 6 7 8 8 7 8 8 6 7 8 8 7 8 8 3 4 5 6 6 5 6 6 2 1 x 2 3 4 4 7 8 9 10 11 12 12 11 12 12 10 11 12 11 9 10 11 11 10 11 11 8 9 10 11 11 10 11 11 9 10 11 11 10 11 11
6 5 6 7 8 9 10 10 9 10 10 8 9 10 10 9 10 10 7 8 9 10 10 9 10 10 8 9 10 10 9 10 10 4 5 6 7 8 8 7 8 8 6 7 8 8 7 8 8 3 4 5 6 6 5 6 6 2 1 2 x 3 4 4 7 8 9 10 11 12 12 11 12 12 10 11 12 11 9 10 11 11 10 11 11 8 9 10 11 11 10 11 11 9 10 11 11 10 11 11
5 4 5 6 7 8 9 9 8 9 9 7 8 9 9 8 9 9 6 7 8 9 9 8 9 9 7 8 9 9 8 9 9 3 4 5 6 7 7 6 7 7 5 6 7 7 6 7 7 2 3 4 5 5 4 5 5 1 2 3 3 x 1 1 6 7 8 9 10 11 11 10 11 11 9 10 11 10 8 9 10 10 9 10 10 7 8 9 10 10 9 10 10 8 9 10 10 9 10 10
6 5 6 7 8 9 10 10 9 10 10 8 9 10 10 9 10 10 7 8 9 10 10 9 10 10 8 9 10 10 9 10 10 4 5 6 7 8 8 7 8 8 6 7 8 8 7 8 8 3 4 5 6 6 5 6 6 2 3 4 4 1 x 2 7 8 9 10 11 12 12 11 12 12 10 11 12 11 9 10 11 11 10 11 11 8 9 10 11 11 10 11 11 9 10 11 11 10 11 11
6 5 6 7 8 9 10 10 9 10 10 8 9 10 10 9 10 10 7 8 9 10 10 9 10 10 8 9 10 10 9 10 10 4 5 6 7 8 8 7 8 8 6 7 8 8 7 8 8 3 4 5 6 6 5 6 6 2 3 4 4 1 2 x 7 8 9 10 11 12 12 11 12 12 10 11 12 11 9 10 11 11 10 11 11 8 9 10 11 11 10 11 11 9 10 11 11 10 11 11
1 2 3 4 5 6 7 7 6 7 7 5 6 7 7 6 7 7 4 5 6 7 7 6 7 7 5 6 7 7 6 7 7 3 4 5 6 7 7 6 7 7 5 6 7 7 6 7 7 4 5 6 7 7 6 7 7 5 6 7 7 6 7 7 x 1 2 3 4 5 5 4 5 5 3 4 5 4 2 3 4 4 3 4 4 1 2 3 4 4 3 4 4 2 3 4 4 3 4 4
2 3 4 5 6 7 8 8 7 8 8 6 7 8 8 7 8 8 5 6 7 8 8 7 8 8 6 7 8 8 7 8 8 4 5 6 7 8 8 7 8 8 6 7 8 8 7 8 8 5 6 7 8 8 7 8 8 6 7 8 8 7 8 8 1 x 1 2 3 4 4 3 4 4 2 3 4 3 1 2 3 3 2 3 3 2 3 4 5 5 4 5 5 3 4 5 5 4 5 5
3 4 5 6 7 8 9 9 8 9 9 7 8 9 9 8 9 9 6 7 8 9 9 8 9 9 7 8 9 9 8 9 9 5 6 7 8 9 9 8 9 9 7 8 9 9 8 9 9 6 7 8 9 9 8 9 9 7 8 9 9 8 9 9 2 1 x 1 2 3 3 2 3 3 1 2 3 2 2 3 4 4 3 4 4 3 4 5 6 6 5 6 6 4 5 6 6 5 6 6
4 5 6 7 8 9 10 10 9 10 10 8 9 10 10 9 10 10 7 8 9 10 10 9 10 10 8 9 10 10 9 10 10 6 7 8 9 10 10 9 10 10 8 9 10 10 9 10 10 7 8 9 10 10 9 10 10 8 9 10 10 9 10 10 3 2 1 x 1 2 2 1 2 2 2 3 4 3 3 4 5 5 4 5 5 4 5 6 7 7 6 7 7 5 6 7 7 6 7 7
5 6 7 8 9 10 11 11 10 11 11 9 10 11 11 10 11 11 8 9 10 11 11 10 11 11 9 10 11 11 10 11 11 7 8 9 10 11 11 10 11 11 9 10 11 11 10 11 11 8 9 10 11 11 10 11 11 9 10 11 11 10 11 11 4 3 2 1 x 1 1 2 3 3 3 4 5 4 4 5 6 6 5 6 6 5 6 7 8 8 7 8 8 6 7 8 8 7 8 8
6 7 8 9 10 11 12 12 11 12 12 10 11 12 12 11 12 12 9 10 11 12 12 11 12 12 10 11 12 12 11 12 12 8 9 10 11 12 12 11 12 12 10 11 12 12 11 12 12 9 10 11 12 12 11 12 12 10 11 12 12 11 12 12 5 4 3 2 1 x 2 3 4 4 4 5 6 5 5 6 7 7 6 7 7 6 7 8 9 9 8 9 9 7 8 9 9 8 9 9
6 7 8 9 10 11 12 12 11 12 12 10 11 12 12 11 12 12 9 10 11 12 12 11 12 12 10 11 12 12 11 12 12 8 9 10 11 12 12 11 12 12 10 11 12 12 11 12 12 9 10 11 12 12 11 12 12 10 11 12 12 11 12 12 5 4 3 2 1 2 x 3 4 4 4 5 6 5 5 6 7 7 6 7 7 6 7 8 9 9 8 9 9 7 8 9 9 8 9 9
5 6 7 8 9 10 11 11 10 11 11 9 10 11 11 10 11 11 8 9 10 11 11 10 11 11 9 10 11 11 10 11 11 7 8 9 10 11 11 10 11 11 9 10 11 11 10 11 11 8 9 10 11 11 10 11 11 9 10 11 11 10 11 11 4 3 2 1 2 3 3 x 1 1 3 4 5 4 4 5 6 6 5 6 6 5 6 7 8 8 7 8 8 6 7 8 8 7 8 8
6 7 8 9 10 11 12 12 11 12 12 10 11 12 12 11 12 12 9 10 11 12 12 11 12 12 10 11 12 12 11 12 12 8 9 10 11 12 12 11 12 12 10 11 12 12 11 12 12 9 10 11 12 12 11 12 12 10 11 12 12 11 12 12 5 4 3 2 3 4 4 1 x 2 4 5 6 5 5 6 7 7 6 7 7 6 7 8 9 9 8 9 9 7 8 9 9 8 9 9
6 7 8 9 10 11 12 12 11 12 12 10 11 12 12 11 12 12 9 10 11 12 12 11 12 12 10 11 12 12 11 12 12 8 9 10 11 12 12 11 12 12 10 11 12 12 11 12 12 9 10 11 12 12 11 12 12 10 11 12 12 11 12 12 5 4 3 2 3 4 4 1 2 x 4 5 6 5 5 6 7 7 6 7 7 6 7 8 9 9 8 9 9 7 8 9 9 8 9 9
4 5 6 7 8 9 10 10 9 10 10 8 9 10 10 9 10 10 7 8 9 10 10 9 10 10 8 9 10 10 9 10 10 6 7 8 9 10 10 9 10 10 8 9 10 10 9 10 10 7 8 9 10 10 9 10 10 8 9 10 10 9 10 10 3 2 1 2 3 4 4 3 4 4 x 1 2 1 3 4 5 5 4 5 5 4 5 6 7 7 6 7 7 5 6 7 7 6 7 7
5 6 7 8 9 10 11 11 10 11 11 9 10 11 11 10 11 11 8 9 10 11 11 10 11 11 9 10 11 11 10 11 11 7 8 9 10 11 11 10 11 11 9 10 11 11 10 11 11 8 9 10 11 11 10 11 11 9 10 11 11 10 11 11 4 3 2 3 4 5 5 4 5 5 1 x 1 2 4 5 6 6 5 6 6 5 6 7 8 8 7 8 8 6 7 8 8 7 8 8
6 7 8 9 10 11 12 12 11 12 12 10 11 12 12 11 12 12 9 10 11 12 12 11 12 12 10 11 12 12 11 12 12 8 9 10 11 12 12 11 12 12 10 11 12 12 11 12 12 9 10 11 12 12 11 12 12 10 11 12 12 11 12 12 5 4 3 4 5 6 6 5 6 6 2 1 x 3 5 6 7 7 6 7 7 6 7 8 9 9 8 9 9 7 8 9 9 8 9 9
5 6 7 8 9 10 11 11 10 11 11 9 10 11 11 10 11 11 8 9 10 11 11 10 11 11 9 10 11 11 10 11 11 7 8 9 10 11 11 10 11 11 9 10 11 11 10 11 11 8 9 10 11 11 10 11 11 9 10 11 11 10 11 11 4 3 2 3 4 5 5 4 5 5 1 2 3 x 4 5 6 6 5 6 6 5 6 7 8 8 7 8 8 6 7 8 8 7 8 8
3 4 5 6 7 8 9 9 8 9 9 7 8 9 9 8 9 9 6 7 8 9 9 8 9 9 7 8 9 9 8 9 9 5 6 7 8 9 9 8 9 9 7 8 9 9 8 9 9 6 7 8 9 9 8 9 9 7 8 9 9 8 9 9 2 1 2 3 4 5 5 4 5 5 3 4 5 4 x 1 2 2 1 2 2 3 4 5 6 6 5 6 6 4 5 6 6 5 6 6
4 5 6 7 8 9 10 10 9 10 10 8 9 10 10 9 10 10 7 8 9 10 10 9 10 10 8 9 10 10 9 10 10 6 7 8 9 10 10 9 10 10 8 9 10 10 9 10 10 7 8 9 10 10 9 10 10 8 9 10 10 9 10 10 3 2 3 4 5 6 6 5 6 6 4 5 6 5 1 x 1 1 2 3 3 4 5 6 7 7 6 7 7 5 6 7 7 6 7 7
5 6 7 8 9 10 11 11 10 11 11 9 10 11 11 10 11 11 8 9 10 11 11 10 11 11 9 10 11 11 10 11 11 7 8 9 10 11 11 10 11 11 9 10 11 11 10 11 11 8 9 10 11 11 10 11 11 9 10 11 11 10 11 11 4 3 4 5 6 7 7 6 7 7 5 6 7 6 2 1 x 2 3 4 4 5 6 7 8 8 7 8 8 6 7 8 8 7 8 8
5 6 7 8 9 10 11 11 10 11 11 9 10 11 11 10 11 11 8 9 10 11 11 10 11 11 9 10 11 11 10 11 11 7 8 9 10 11 11 10 11 11 9 10 11 11 10 11 11 8 9 10 11 11 10 11 11 9 10 11 11 10 11 11 4 3 4 5 6 7 7 6 7 7 5 6 7 6 2 1 2 x 3 4 4 5 6 7 8 8 7 8 8 6 7 8 8 7 8 8
4 5 6 7 8 9 10 10 9 10 10 8 9 10 10 9 10 10 7 8 9 10 10 9 10 10 8 9 10 10 9 10 10 6 7 8 9 10 10 9 10 10 8 9 10 10 9 10 10 7 8 9 10 10 9 10 10 8 9 10 10 9 10 10 3 2 3 4 5 6 6 5 6 6 4 5 6 5 1 2 3 3 x 1 1 4 5 6 7 7 6 7 7 5 6 7 7 6 7 7
5 6 7 8 9 10 11 11 10 11 11 9 10 11 11 10 11 11 8 9 10 11 11 10 11 11 9 10 11 11 10 11 11 7 8 9 10 11 11 10 11 11 9 10 11 11 10 11 11 8 9 10 11 11 10 11 11 9 10 11 11 10 11 11 4 3 4 5 6 7 7 6 7 7 5 6 7 6 2 3 4 4 1 x 2 5 6 7 8 8 7 8 8 6 7 8 8 7 8 8
5 6 7 8 9 10 11 11 10 11 11 9 10 11 11 10 11 11 8 9 10 11 11 10 11 11 9 10 11 11 10 11 11 7 8 9 10 11 11 10 11 11 9 10 11 11 10 11 11 8 9 10 11 11 10 11 11 9 10 11 11 10 11 11 4 3 4 5 6 7 7 6 7 7 5 6 7 6 2 3 4 4 1 2 x 5 6 7 8 8 7 8 8 6 7 8 8 7 8 8
2 3 4 5 6 7 8 8 7 8 8 6 7 8 8 7 8 8 5 6 7 8 8 7 8 8 6 7 8 8 7 8 8 4 5 6 7 8 8 7 8 8 6 7 8 8 7 8 8 5 6 7 8 8 7 8 8 6 7 8 8 7 8 8 1 2 3 4 5 6 6 5 6 6 4 5 6 5 3 4 5 5 4 5 5 x 1 2 3 3 2 3 3 1 2 3 3 2 3 3
3 4 5 6 7 8 9 9 8 9 9 7 8 9 9 8 9 9 6 7 8 9 9 8 9 9 7 8 9 9 8 9 9 5 6 7 8 9 9 8 9 9 7 8 9 9 8 9 9 6 7 8 9 9 8 9 9 7 8 9 9 8 9 9 2 3 4 5 6 7 7 6 7 7 5 6 7 6 4 5 6 6 5 6 6 1 x 1 2 2 1 2 2 2 3 4 4 3 4 4
4 5 6 7 8 9 10 10 9 10 10 8 9 10 10 9 10 10 7 8 9 10 10 9 10 10 8 9 10 10 9 10 10 6 7 8 9 10 10 9 10 10 8 9 10 10 9 10 10 7 8 9 10 10 9 10 10 8 9 10 10 9 10 10 3 4 5 6 7 8 8 7 8 8 6 7 8 7 5 6 7 7 6 7 7 2 1 x 1 1 2 3 3 3 4 5 5 4 5 5
5 6 7 8 9 10 11 11 10 11 11 9 10 11 11 10 11 11 8 9 10 11 11 10 11 11 9 10 11 11 10 11 11 7 8 9 10 11 11 10 11 11 9 10 11 11 10 11 11 8 9 10 11 11 10 11 11 9 10 11 11 10 11 11 4 5 6 7 8 9 9 8 9 9 7 8 9 8 6 7 8 8 7 8 8 3 2 1 x 2 3 4 4 4 5 6 6 5 6 6
5 6 7 8 9 10 11 11 10 11 11 9 10 11 11 10 11 11 8 9 10 11 11 10 11 11 9 10 11 11 10 11 11 7 8 9 10 11 11 10 11 11 9 10 11 11 10 11 11 8 9 10 11 11 10 11 11 9 10 11 11 10 11 11 4 5 6 7 8 9 9 8 9 9 7 8 9 8 6 7 8 8 7 8 8 3 2 1 2 x 3 4 4 4 5 6 6 5 6 6
4 5 6 7 8 9 10 10 9 10 10 8 9 10 10 9 10 10 7 8 9 10 10 9 10 10 8 9 10 10 9 10 10 6 7 8 9 10 10 9 10 10 8 9 10 10 9 10 10 7 8 9 10 10 9 10 10 8 9 10 10 9 10 10 3 4 5 6 7 8 8 7 8 8 6 7 8 7 5 6 7 7 6 7 7 2 1 2 3 3 x 1 1 3 4 5 5 4 5 5
5 6 7 8 9 10 11 11 10 11 11 9 10 11 11 10 11 11 8 9 10 11 11 10 11 11 9 10 11 11 10 11 11 7 8 9 10 11 11 10 11 11 9 10 11 11 10 11 11 8 9 10 11 11 10 11 11 9 10 11 11 10 11 11 4 5 6 7 8 9 9 8 9 9 7 8 9 8 6 7 8 8 7 8 8 3 2 3 4 4 1 x 2 4 5 6 6 5 6 6
5 6 7 8 9 10 11 11 10 11 11 9 10 11 11 10 11 11 8 9 10 11 11 10 11 11 9 10 11 11 10 11 11 7 8 9 10 11 11 10 11 11 9 10 11 11 10 11 11 8 9 10 11 11 10 11 11 9 10 11 11 10 11 11 4 5 6 7 8 9 9 8 9 9 7 8 9 8 6 7 8 8 7 8 8 3 2 3 4 4 1 2 x 4 5 6 6 5 6 6
3 4 5 6 7 8 9 9 8 9 9 7 8 9 9 8 9 9 6 7 8 9 9 8 9 9 7 8 9 9 8 9 9 5 6 7 8 9 9 8 9 9 7 8 9 9 8 9 9 6 7 8 9 9 8 9 9 7 8 9 9 8 9 9 2 3 4 5 6 7 7 6 7 7 5 6 7 6 4 5 6 6 5 6 6 1 2 3 4 4 3 4 4 x 1 2 2 1 2 2
4 5 6 7 8 9 10 10 9 10 10 8 9 10 10 9 10 10 7 8 9 10 10 9 10 10 8 9 10 10 9 10 10 6 7 8 9 10 10 9 10 10 8 9 10 10 9 10 10 7 8 9 10 10 9 10 10 8 9 10 10 9 10 10 3 4 5 6 7 8 8 7 8 8 6 7 8 7 5 6 7 7 6 7 7 2 3 4 5 5 4 5 5 1 x 1 1 2 3 3
5 6 7 8 9 10 11 11 10 11 11 9 10 11 11 10 11 11 8 9 10 11 11 10 11 11 9 10 11 11 10 11 11 7 8 9 10 11 11 10 11 11 9 10 11 11 10 11 11 8 9 10 11 11 10 11 11 9 10 11 11 10 11 11 4 5 6 7 8 9 9 8 9 9 7 8 9 8 6 7 8 8 7 8 8 3 4 5 6 6 5 6 6 2 1 x 2 3 4 4
5 6 7 8 9 10 11 11 10 11 11 9 10 11 11 10 11 11 8 9 10 11 11 10 11 11 9 10 11 11 10 11 11 7 8 9 10 11 11 10 11 11 9 10 11 11 10 11 11 8 9 10 11 11 10 11 11 9 10 11 11 10 11 11 4 5 6 7 8 9 9 8 9 9 7 8 9 8 6 7 8 8 7 8 8 3 4 5 6 6 5 6 6 2 1 2 x 3 4 4
4 5 6 7 8 9 10 10 9 10 10 8 9 10 10 9 10 10 7 8 9 10 10 9 10 10 8 9 10 10 9 10 10 6 7 8 9 10 10 9 10 10 8 9 10 10 9 10 10 7 8 9 10 10 9 10 10 8 9 10 10 9 10 10 3 4 5 6 7 8 8 7 8 8 6 7 8 7 5 6 7 7 6 7 7 2 3 4 5 5 4 5 5 1 2 3 3 x 1 1
5 6 7 8 9 10 11 11 10 11 11 9 10 11 11 10 11 11 8 9 10 11 11 10 11 11 9 10 11 11 10 11 11 7 8 9 10 11 11 10 11 11 9 10 11 11 10 11 11 8 9 10 11 11 10 11 11 9 10 11 11 10 11 11 4 5 6 7 8 9 9 8 9 9 7 8 9 8 6 7 8 8 7 8 8 3 4 5 6 6 5 6 6 2 3 4 4 1 x 2
5 6 7 8 9 10 11 11 10 11 11 9 10 11 11 10 11 11 8 9 10 11 11 10 11 11 9 10 11 11 10 11 11 7 8 9 10 11 11 10 11 11 9 10 11 11 10 11 11 8 9 10 11 11 10 11 11 9 10 11 11 10 11 11 4 5 6 7 8 9 9 8 9 9 7 8 9 8 6 7 8 8 7 8 8 3 4 5 6 6 5 6 6 2 3 4 4 1 2 x
